565 741
41 181
721 34
916 968
936 930
639 404
961 351
219 132
67 400
770 702
787 773
974 461
647 832
637 494
647 860
206 741
67 1010
360 868
332 421
804 608
7 432
369 76
824 442
112 335
418 161
966 519
346 335
339 590
922 266
841 264
887 165
452 612
3 141
554 992
751 947
641 956
478 25
447 1
995 810
841 478
18 480
672 752
255 725
71 251
1015 409
878 168
254 239
515 31
674 396
670 56
817 907
976 969
1009 261
57 923
805 795
962 639
791 261
753 27
646 566
265 522
595 728
153 428
357 784
659 178
954 791
102 650
673 451
167 764
943 469
783 990
539 1010
702 750
873 11
105 834
971 330
312 95
289 492
323 955
438 938
138 812
798 410
260 837
242 261
864 122
27 351
1018 982
95 291
578 834
768 376
66 545
450 302
659 841
739 723
424 445
947 398
934 613
499 879
1014 962
131 452
93 363
196 231
337 518
232 489
789 308
97 15
514 970
870 393
178 226
325 384
518 1006
449 485
233 326
592 452
88 742
753 736
386 568
199 154
551 199
47 660
576 920
519 72
390 378
1012 473
975 784
980 621
315 501
309 513
566 452
417 844
240 479
621 662
611 480
1011 786
767 77
172 222
863 594
50 624
812 985
968 426
197 390
808 522
387 457
868 785
744 879
401 559
599 477
462 616
171 597
482 781
878 617
292 645
259 8
407 161
541 441
607 656
919 95
294 535
908 735
487 173
667 212
808 683
748 826
955 753
382 245
63 491
471 453
116 185
340 443
91 634
564 864
484 346
701 314
822 995
473 209
603 73
1009 868
168 823
988 572
928 92
146 90
738 77
174 224
437 547
776 260
465 591
97 332
426 219
203 368
560 890
715 117
830 414
824 263
20 755
842 224
659 372
15 603
537 573
999 589
326 409
455 204
802 702
254 548
920 525
652 380
679 612
47 238
17 637
700 929
839 172
940 436
680 830
687 378
646 846
134 76
322 886
549 493
297 958
544 225
480 664
44 264
1023 999
648 891
370 676
604 364
399 253
134 422
100 932
96 998
288 326
307 138
46 887
87 944
233 567
760 968
29 858
830 712
655 48
930 345
97 718
825 333
283 386
697 447
532 979
543 675
18 1001
319 664
298 543
952 41
716 75
719 428
727 296
341 899
534 754
383 761
632 963
692 884
327 583
906 119
498 397
453 636
641 209
725 236
468 557
487 131
518 824
510 74
121 640
873 316
998 74
328 43
724 252
221 577
333 222
191 570
144 748
401 880
44 461
242 314
574 455
253 297
130 967
875 597
867 947
613 880
355 250
201 717
276 799
167 1006
300 114
944 709
917 347
609 546
1004 182
880 926
292 595
670 162
422 924
781 395
123 415
352 101
1022 939
642 732
641 293
525 820
29 426
353 3
175 368
369 910
437 965
915 888
57 901
740 95
726 546
369 16
740 174
553 731
478 209
227 76
797 43
415 355
335 96
321 722
545 220
439 143
460 98
489 527
998 39
208 406
448 812
875 212
703 985
461 784
959 330
969 596
559 279
75 501
300 1008
158 977
658 995
850 32
889 331
395 303
191 994
751 45
764 238
239 558
382 698
991 462
1010 118
308 844
610 297
750 499
176 708
285 715
731 600
516 123
123 1009
485 301
800 587
997 154
642 908
435 888
940 937
512 313
766 679
376 1015
438 622
176 707
35 322
167 1015
956 906
111 936
672 434
805 636
406 401
361 306
103 617
43 979
1022 695
468 700
549 586
927 890
522 873
151 834
67 696
880 773
126 47
510 433
774 674
986 852
217 288
290 973
866 444
46 761
753 768
640 124
1006 789
1020 611
698 568
858 163
249 1015
37 274
23 12
397 996
46 308
247 902
788 504
163 611
177 39
599 577
1008 843
269 451
764 975
291 149
535 184
669 323
190 968
226 233
175 797
548 217
379 407
359 867
522 678
777 577
41 1000
70 176
841 159
144 191
463 995
521 733
198 273
597 393
770 705
422 1009
854 855
324 465
121 584
140 996
431 777
510 194
965 985
274 865
255 599
557 25
481 217
541 732
958 920
585 450
203 53
18 140
295 413
718 485
998 984
219 71
646 892
622 133
154 353
587 977
419 828
667 26
6 948
505 1
128 23
13 104
26 2
133 532
373 395
661 91
825 401
352 871
862 65
576 740
659 815
605 972
584 858
279 663
837 300
82 947
262 252
858 659
230 53
199 95
494 590
358 803
573 717
874 372
112 96
151 32
716 831
851 364
976 303
989 354
68 805
79 823
299 495
969 80
170 11
434 486
256 1016
49 23
402 591
151 1010
366 200
429 735
255 598
961 583
583 138
565 103
67 197
736 778
606 428
896 853
353 493
634 47
194 569
666 525
138 533
287 884
893 70
927 865
304 955
811 830
168 251
233 904
790 807
452 910
633 488
130 735
224 273
543 533
401 294
760 783
154 551
926 822
278 359
764 106
24 762
36 229
308 690
148 10
762 2
582 314
685 832
926 371
886 730
229 1018
157 484
205 942
605 622
576 158
990 24
1017 28
289 767
672 70
176 720
138 421
975 594
264 464
450 743
673 313
160 506
240 738
169 230
561 671
472 889
61 733
80 555
645 894
11 899
120 167
486 244
336 913
756 579
12 594
78 529
378 633
536 178
357 375
114 543
711 861
553 833
629 566
983 201
579 823
338 990
260 66
117 341
290 149
477 554
814 155
611 316
185 416
993 508
948 410
679 646
16 700
923 439
642 939
923 65
247 844
803 648
173 48
470 50
444 144
731 627
256 447
561 858
161 16
801 145
252 570
616 915
59 265
169 770
883 569
1012 466
736 870
211 737
724 153
348 125
825 229
602 376
721 320
580 487
338 149
338 976
216 545
100 18
429 261
805 317
853 854
470 310
423 505
457 466
542 876
202 850
655 902
567 538
392 229
476 716
629 814
742 644
775 639
474 218
573 154
573 915
218 184
193 334
490 343
1022 647
118 7
602 314
892 289
712 941
471 804
62 528
744 883
772 147
772 117
788 527
971 111
384 383
430 446
119 171
400 525
532 525
259 88
197 113
405 403
109 485
716 692
779 917
564 288
522 660
938 527
889 441
901 322
964 891
330 905
473 366
744 498
978 751
357 691
802 663
924 920
478 946
404 540
509 933
925 444
189 122
489 995
907 369
902 321
222 246
768 114
590 809
523 932
436 1003
997 929
619 557
122 140
658 6
685 576
844 733
380 918
831 849
480 232
532 542
974 554
179 744
440 78
200 423
760 211
570 609
420 709
511 32
659 387
552 995
32 672
201 368
775 761
374 801
544 816
220 1010
918 87
887 959
740 230
447 619
278 420
597 169
447 709
775 970
371 530
958 343
205 41
485 510
661 1005
320 470
928 979
436 9
606 173
988 576
589 259
166 901
98 12
535 73
253 686
504 761
757 794
1020 329
427 530
245 662
370 621
697 480
856 950
524 203
514 843
454 850
209 964
978 879
876 481
551 254
647 173
769 166
917 992
79 277
844 885
1019 940
709 959
299 982
18 672
533 4
590 466
926 458
389 273
415 295
850 666
519 916
960 886
436 203
783 893
70 802
133 893
137 563
891 409
286 829
166 258
246 438
467 548
673 146
779 367
957 144
937 647
999 801
959 746
92 702
970 763
221 848
446 1005
532 206
584 744
838 445
92 158
195 928
887 951
884 642
366 585
220 980
533 1014
713 732
772 886
738 680
344 471
189 109
893 404
973 716
73 171
246 966
250 157
928 53
277 690
857 1022
629 184
455 707
615 904
762 151
356 4
868 331
885 816
164 255
359 304
730 683
702 160
410 410
32 422
958 778
103 829
514 434
946 546
1015 878
498 1007
652 193
636 308
856 165
471 673
192 609
265 156
386 1018
398 641
800 278
395 119
646 824
425 157
365 250
293 422
399 679
891 229
451 959
826 103
314 132
858 94
530 495
795 573
657 712
575 751
82 691
486 377
529 866
830 911
462 18
32 410
963 685
1001 724
115 1007
156 334
640 390
959 255
760 736
797 226
27 307
920 273
579 921
525 398
312 933
900 583
646 355
879 803
749 95
1022 572
542 787
312 584
190 958
175 74
774 683
545 571
714 467
46 314
885 851
995 546
481 711
662 315
927 275
416 360
457 927
219 317
61 758
715 869
197 61
776 605
502 5
329 530
488 264
524 399
947 493
708 345
750 211
485 784
131 207
223 224
686 1004
72 646
13 166
446 113
221 104
185 607
884 304
414 426
989 450
587 635
508 612
912 647
885 312
583 579
419 927
290 792
138 375
879 385
1009 52
916 117
752 653
769 424
588 328
583 282
14 366
718 21
776 780
918 444
469 772
870 334
919 363
307 494
616 555
916 1009
107 483
286 603
394 985
52 312
291 690
630 414
450 297
29 589
534 197
436 729
901 879
859 107
544 575
221 155
98 693
106 489
1016 578
578 96
256 920
702 648
703 254
535 80
850 37
685 102
1002 502
530 856
147 999
857 839
898 416
326 86
446 174
1000 681
600 819
739 995
883 149
808 365
417 603
235 56
33 786
437 626
117 618
1 298
815 89
41 927
416 642
863 660
516 593
568 90
