tsan-dom 363 266 503 1 0 1 0 0 0  0 0
tsan-dom 557 828 563 1 0 1 0 0 0  0 0
tsan-dom 965 375 491 1 0 1 0 0 0  0 0
tsan-dom 502 910 683 1 1 1 1 0 0  0 1
tsan-dom 274 254 433 0 1 0 1 0 0  0 1
tsan-dom 136 239 538 1 1 1 1 0 0  0 1
tsan-dom 284 1008 72 1 1 1 1 0 0  0 1
tsan-dom 478 987 711 0 1 0 1 0 0  0 1
tsan-dom 346 474 718 0 1 0 1 0 0  0 1
tsan-dom 426 885 974 0 1 0 1 0 0  0 1
tsan-dom 954 553 319 1 1 1 1 0 0  0 1
tsan-dom 661 274 974 1 0 1 0 1 0  1 0
tsan-dom 726 151 266 1 1 1 1 0 0  0 1
tsan-dom 384 845 274 1 1 1 1 0 0  0 1
tsan-dom 649 459 47 1 0 1 0 1 0  1 0
tsan-dom 465 842 37 1 1 1 1 0 0  0 1
tsan-dom 704 670 437 0 1 0 1 0 0  0 1
tsan-dom 314 169 940 0 1 0 1 0 0  0 1
tsan-dom 706 455 1007 1 1 1 1 0 0  0 1
tsan-dom 701 694 193 1 0 1 0 0 0  0 0
tsan-dom 837 903 205 1 0 1 0 0 0  0 0
tsan-dom 108 233 383 1 1 1 1 0 0  0 1
tsan-dom 764 735 859 0 1 0 1 0 0  0 1
tsan-dom 696 360 338 0 1 0 1 0 0  0 1
tsan-dom 462 715 151 0 1 0 1 0 0  0 1
tsan-dom 149 8 64 1 1 1 1 0 0  0 1
tsan-dom 118 126 930 0 1 0 1 0 0  0 1
tsan-dom 514 320 204 1 1 1 1 0 0  0 1
tsan-dom 472 436 121 1 1 1 1 0 0  0 1
tsan-dom 978 516 816 1 1 1 1 0 0  0 1
tsan-dom 1016 723 208 1 1 1 1 0 0  0 1
tsan-dom 775 385 895 1 1 1 1 0 0  0 1
tsan-dom 763 387 379 1 1 1 1 0 0  0 1
tsan-dom 259 1019 272 1 0 1 0 1 0  1 0
tsan-dom 536 160 753 0 1 0 1 0 0  0 1
tsan-dom 600 305 60 0 1 0 1 0 0  0 1
tsan-dom 554 158 238 1 1 1 1 0 0  0 1
tsan-dom 961 375 1001 1 0 1 0 0 0  0 0
tsan-dom 47 716 21 1 0 1 0 0 0  0 0
tsan-dom 981 963 478 1 0 1 0 1 0  1 0
tsan-dom 789 543 537 1 0 1 0 1 0  1 0
tsan-dom 864 927 231 0 1 0 1 0 0  0 1
tsan-dom 698 884 34 1 1 1 1 0 0  0 1
tsan-dom 201 0 586 1 1 1 1 0 0  0 1
tsan-dom 763 861 779 1 1 1 1 0 0  0 1
tsan-dom 696 281 410 0 1 0 1 0 0  0 1
tsan-dom 312 750 66 1 1 1 1 0 0  0 1
tsan-dom 476 286 951 1 1 1 1 0 0  0 1
tsan-dom 700 341 640 0 1 0 1 0 0  0 1
tsan-dom 381 229 899 1 1 1 1 0 0  0 1
tsan-dom 491 679 954 1 1 1 1 0 0  0 1
tsan-dom 844 561 159 0 1 0 1 0 0  0 1
tsan-dom 954 3 1 1 1 1 1 0 0  0 1
tsan-dom 188 458 119 1 1 1 1 0 0  0 1
tsan-dom 943 378 889 1 1 1 1 0 0  0 1
tsan-dom 912 350 806 0 1 0 1 0 0  0 1
tsan-dom 299 1001 479 1 0 1 0 1 0  1 0
tsan-dom 231 909 780 1 0 1 0 1 0  1 0
tsan-dom 389 979 528 1 1 1 1 0 0  0 1
tsan-dom 208 686 766 1 1 1 1 0 0  0 1
tsan-dom 192 596 675 1 1 1 1 0 0  0 1
tsan-dom 825 492 407 1 0 1 0 1 0  1 0
tsan-dom 289 615 100 1 1 1 1 0 0  0 1
tsan-dom 475 491 164 1 0 1 0 1 0  1 0
tsan-dom 149 218 963 1 1 1 1 0 0  0 1
tsan-dom 596 353 817 0 1 0 1 0 0  0 1
tsan-dom 240 81 948 1 1 1 1 0 0  0 1
tsan-dom 26 357 639 0 1 0 1 0 0  0 1
tsan-dom 57 669 7 1 1 1 1 0 0  0 1
tsan-dom 20 635 461 1 1 1 1 0 0  0 1
tsan-dom 431 663 118 1 0 1 0 1 0  1 0
tsan-dom 737 187 261 1 0 1 0 0 0  0 0
tsan-dom 645 853 129 1 0 1 0 0 0  0 0
tsan-dom 11 793 567 1 0 1 0 0 0  0 0
tsan-dom 260 837 634 1 1 1 1 0 0  0 1
tsan-dom 558 692 217 1 1 1 1 0 0  0 1
tsan-dom 906 521 160 1 1 1 1 0 0  0 1
tsan-dom 351 197 35 1 0 1 0 1 0  1 0
tsan-dom 120 315 842 1 1 1 1 0 0  0 1
tsan-dom 246 909 774 0 1 0 1 0 0  0 1
tsan-dom 694 147 326 1 1 1 1 0 0  0 1
tsan-dom 200 385 1014 1 1 1 1 0 0  0 1
tsan-dom 327 147 355 1 0 1 0 1 0  1 0
tsan-dom 159 969 458 1 0 1 0 1 0  1 0
tsan-dom 953 535 330 1 0 1 0 1 0  1 0
tsan-dom 880 417 294 0 1 0 1 0 0  0 1
tsan-dom 231 334 829 1 0 1 0 1 0  1 0
tsan-dom 910 795 608 1 1 1 1 0 0  0 1
tsan-dom 797 616 890 1 0 1 0 1 0  1 0
tsan-dom 653 151 473 1 0 1 0 0 0  0 0
tsan-dom 897 177 445 1 0 1 0 0 0  0 0
tsan-dom 383 406 847 1 0 1 0 0 0  0 0
tsan-dom 884 506 156 0 1 0 1 0 0  0 1
tsan-dom 163 74 250 1 0 1 0 1 0  1 0
tsan-dom 109 415 311 1 1 1 1 0 0  0 1
tsan-dom 847 204 736 1 1 1 1 0 0  0 1
tsan-dom 872 370 629 0 1 0 1 0 0  0 1
tsan-dom 592 95 222 0 1 0 1 0 0  0 1
tsan-dom 374 94 862 0 1 0 1 0 0  0 1
tsan-dom 399 637 568 1 0 1 0 1 0  1 0
tsan-dom 230 905 171 0 1 0 1 0 0  0 1
tsan-dom 435 269 909 1 0 1 0 1 0  1 0
tsan-dom 870 555 420 1 1 1 1 0 0  0 1
tsan-dom 509 292 150 1 0 1 0 1 0  1 0
tsan-dom 594 572 987 1 1 1 1 0 0  0 1
tsan-dom 5 877 203 1 1 1 1 0 0  0 1
tsan-dom 534 971 182 1 1 1 1 0 0  0 1
tsan-dom 583 656 314 1 1 1 1 0 0  0 1
tsan-dom 339 461 535 1 0 1 0 0 0  0 0
tsan-dom 127 918 65 1 0 1 0 0 0  0 0
tsan-dom 791 867 441 1 1 1 1 0 0  0 1
tsan-dom 778 386 671 1 1 1 1 0 0  0 1
tsan-dom 201 421 540 1 1 1 1 0 0  0 1
tsan-dom 816 695 756 0 1 0 1 0 0  0 1
tsan-dom 850 920 727 1 1 1 1 0 0  0 1
tsan-dom 595 788 598 1 1 1 1 0 0  0 1
tsan-dom 454 801 221 0 1 0 1 0 0  0 1
tsan-dom 777 700 64 1 0 1 0 1 0  1 0
tsan-dom 983 835 368 1 1 1 1 0 0  0 1
tsan-dom 238 728 575 0 1 0 1 0 0  0 1
tsan-dom 760 963 687 0 1 0 1 0 0  0 1
tsan-dom 100 456 212 1 1 1 1 0 0  0 1
tsan-dom 989 935 718 1 0 1 0 1 0  1 0
tsan-dom 366 411 762 0 1 0 1 0 0  0 1
tsan-dom 768 709 618 0 1 0 1 0 0  0 1
tsan-dom 493 112 503 1 0 1 0 0 0  0 0
tsan-dom 139 901 365 1 0 1 0 0 0  0 0
tsan-dom 469 115 375 1 1 1 1 0 0  0 1
tsan-dom 499 408 545 1 1 1 1 0 0  0 1
tsan-dom 233 233 11 1 1 1 1 0 0  0 1
tsan-dom 367 812 628 1 0 1 0 1 0  1 0
tsan-dom 862 260 847 1 1 1 1 0 0  0 1
tsan-dom 420 433 898 1 1 1 1 0 0  0 1
tsan-dom 753 625 162 1 0 1 0 1 0  1 0
tsan-dom 446 815 830 0 1 0 1 0 0  0 1
tsan-dom 573 668 757 1 0 1 0 1 0  1 0
tsan-dom 828 934 643 0 1 0 1 0 0  0 1
tsan-dom 488 169 974 0 1 0 1 0 0  0 1
tsan-dom 598 779 87 1 1 1 1 0 0  0 1
tsan-dom 201 499 311 1 1 1 1 0 0  0 1
tsan-dom 799 185 483 1 1 1 1 0 0  0 1
tsan-dom 155 1008 172 1 0 1 0 1 0  1 0
tsan-dom 834 307 102 1 1 1 1 0 0  0 1
tsan-dom 524 854 40 0 1 0 1 0 0  0 1
tsan-dom 692 198 343 0 1 0 1 0 0  0 1
tsan-dom 496 5 617 0 1 0 1 0 0  0 1
tsan-dom 949 861 255 1 0 1 0 1 0  1 0
tsan-dom 298 233 1013 0 1 0 1 0 0  0 1
tsan-dom 629 553 864 1 0 1 0 1 0  1 0
tsan-dom 213 990 98 1 1 1 1 0 0  0 1
tsan-dom 270 436 841 0 1 0 1 0 0  0 1
tsan-dom 301 230 373 1 1 1 1 0 0  0 1
tsan-dom 807 599 9 1 1 1 1 0 0  0 1
tsan-dom 422 532 285 0 1 0 1 0 0  0 1
tsan-dom 295 24 111 1 0 1 0 1 0  1 0
tsan-dom 684 663 668 0 1 0 1 0 0  0 1
tsan-dom 358 744 476 0 1 0 1 0 0  0 1
tsan-dom 8 549 207 1 1 1 1 0 0  0 1
tsan-dom 854 503 698 1 1 1 1 0 0  0 1
tsan-dom 182 452 488 0 1 0 1 0 0  0 1
tsan-dom 832 734 7 0 1 0 1 0 0  0 1
tsan-dom 147 30 313 1 0 1 0 0 0  0 0
tsan-dom 71 244 951 1 0 1 0 0 0  0 0
tsan-dom 698 300 31 1 1 1 1 0 0  0 1
tsan-dom 631 587 23 1 1 1 1 0 0  0 1
tsan-dom 943 1014 443 1 1 1 1 0 0  0 1
tsan-dom 178 105 188 0 1 0 1 0 0  0 1
tsan-dom 617 444 890 1 0 1 0 1 0  1 0
tsan-dom 939 258 173 1 1 1 1 0 0  0 1
tsan-dom 457 781 270 1 1 1 1 0 0  0 1
tsan-dom 54 545 727 0 1 0 1 0 0  0 1
tsan-dom 312 713 548 1 1 1 1 0 0  0 1
tsan-dom 201 778 46 1 1 1 1 0 0  0 1
tsan-dom 353 994 4 1 1 1 1 0 0  0 1
tsan-dom 379 91 632 1 0 1 0 1 0  1 0
tsan-dom 70 369 236 0 1 0 1 0 0  0 1
tsan-dom 420 532 393 1 1 1 1 0 0  0 1
tsan-dom 499 707 33 1 1 1 1 0 0  0 1
tsan-dom 422 991 64 0 1 0 1 0 0  0 1
tsan-dom 621 268 453 1 0 1 0 0 0  0 0
tsan-dom 755 355 797 1 1 1 1 0 0  0 1
tsan-dom 827 206 592 1 1 1 1 0 0  0 1
tsan-dom 253 372 632 1 1 1 1 0 0  0 1
tsan-dom 189 158 84 1 1 1 1 0 0  0 1
tsan-dom 407 255 1016 1 0 1 0 1 0  1 0
tsan-dom 522 388 427 1 1 1 1 0 0  0 1
tsan-dom 159 224 650 1 0 1 0 1 0  1 0
tsan-dom 11 360 697 1 0 1 0 1 0  1 0
tsan-dom 1012 370 340 1 1 1 1 0 0  0 1
tsan-dom 900 883 766 0 1 0 1 0 0  0 1
tsan-dom 417 540 448 1 1 1 1 0 0  0 1
tsan-dom 256 578 371 1 1 1 1 0 0  0 1
tsan-dom 345 149 136 1 1 1 1 0 0  0 1
tsan-dom 205 913 97 1 1 1 1 0 0  0 1
tsan-dom 795 96 657 1 1 1 1 0 0  0 1
tsan-dom 168 214 36 1 1 1 1 0 0  0 1
tsan-dom 175 511 889 1 0 1 0 1 0  1 0
tsan-dom 838 944 665 1 1 1 1 0 0  0 1
tsan-dom 165 434 464 1 1 1 1 0 0  0 1
tsan-dom 696 121 557 0 1 0 1 0 0  0 1
tsan-dom 102 119 624 0 1 0 1 0 0  0 1
tsan-dom 501 195 448 1 0 1 0 1 0  1 0
tsan-dom 523 57 973 1 1 1 1 0 0  0 1
tsan-dom 826 606 415 1 1 1 1 0 0  0 1
tsan-dom 613 642 781 1 0 1 0 1 0  1 0
tsan-dom 200 226 841 1 1 1 1 0 0  0 1
tsan-dom 458 396 735 0 1 0 1 0 0  0 1
tsan-dom 243 278 945 1 0 1 0 1 0  1 0
tsan-dom 85 228 614 1 1 1 1 0 0  0 1
tsan-dom 976 904 362 0 1 0 1 0 0  0 1
tsan-dom 671 743 999 1 1 1 1 0 0  0 1
tsan-dom 893 955 429 1 0 1 0 0 0  0 0
tsan-dom 1017 359 543 1 1 1 1 0 0  0 1
tsan-dom 600 1022 245 0 1 0 1 0 0  0 1
tsan-dom 970 74 1019 1 1 1 1 0 0  0 1
tsan-dom 500 691 783 0 1 0 1 0 0  0 1
tsan-dom 699 170 128 1 1 1 1 0 0  0 1
tsan-dom 514 635 402 1 1 1 1 0 0  0 1
tsan-dom 399 339 310 1 0 1 0 1 0  1 0
tsan-dom 1010 313 684 0 1 0 1 0 0  0 1
tsan-dom 678 890 158 1 1 1 1 0 0  0 1
tsan-dom 261 482 22 1 1 1 1 0 0  0 1
tsan-dom 463 20 27 1 0 1 0 1 0  1 0
tsan-dom 1000 787 88 1 1 1 1 0 0  0 1
tsan-dom 286 122 684 0 1 0 1 0 0  0 1
tsan-dom 203 203 810 1 0 1 0 1 0  1 0
tsan-dom 630 794 210 1 1 1 1 0 0  0 1
tsan-dom 955 404 942 1 1 1 1 0 0  0 1
tsan-dom 632 179 719 0 1 0 1 0 0  0 1
tsan-dom 764 740 831 0 1 0 1 0 0  0 1
tsan-dom 452 282 903 1 1 1 1 0 0  0 1
tsan-dom 448 417 527 1 1 1 1 0 0  0 1
tsan-dom 196 517 931 1 1 1 1 0 0  0 1
tsan-dom 390 11 1006 0 1 0 1 0 0  0 1
tsan-dom 352 246 388 1 1 1 1 0 0  0 1
tsan-dom 995 124 263 1 1 1 1 0 0  0 1
tsan-dom 158 838 995 0 1 0 1 0 0  0 1
tsan-dom 60 703 615 1 1 1 1 0 0  0 1
tsan-dom 277 430 250 1 1 1 1 0 0  0 1
tsan-dom 128 749 131 1 1 1 1 0 0  0 1
tsan-dom 708 580 478 0 1 0 1 0 0  0 1
tsan-dom 65 714 21 1 1 1 1 0 0  0 1
tsan-dom 317 305 949 1 1 1 1 0 0  0 1
tsan-dom 9 646 434 1 1 1 1 0 0  0 1
tsan-dom 1004 629 299 1 1 1 1 0 0  0 1
tsan-dom 372 265 136 1 1 1 1 0 0  0 1
tsan-dom 722 415 376 1 1 1 1 0 0  0 1
tsan-dom 1004 423 234 1 1 1 1 0 0  0 1
tsan-dom 305 127 853 1 1 1 1 0 0  0 1
tsan-dom 367 932 564 1 0 1 0 1 0  1 0
tsan-dom 612 984 811 0 1 0 1 0 0  0 1
tsan-dom 435 1020 716 1 0 1 0 1 0  1 0
tsan-dom 991 349 233 1 1 1 1 0 0  0 1
tsan-dom 8 599 94 1 1 1 1 0 0  0 1
tsan-dom 341 616 588 1 1 1 1 0 0  0 1
tsan-dom 872 860 596 0 1 0 1 0 0  0 1
tsan-dom 0 141 418 1 1 1 1 0 0  0 1
tsan-dom 449 316 445 1 1 1 1 0 0  0 1
tsan-dom 20 223 93 1 1 1 1 0 0  0 1
tsan-dom 718 688 891 1 1 1 1 0 0  0 1
tsan-dom 745 6 675 1 0 1 0 0 0  0 0
tsan-dom 131 156 504 1 0 1 0 1 0  1 0
tsan-dom 739 921 150 1 1 1 1 0 0  0 1
tsan-dom 13 690 168 1 1 1 1 0 0  0 1
tsan-dom 898 656 946 1 1 1 1 0 0  0 1
tsan-dom 860 197 804 0 1 0 1 0 0  0 1
tsan-dom 339 673 730 1 0 1 0 1 0  1 0
tsan-dom 948 43 293 0 1 0 1 0 0  0 1
tsan-dom 1000 472 325 1 1 1 1 0 0  0 1
tsan-dom 877 103 797 1 0 1 0 1 0  1 0
tsan-dom 80 829 353 1 1 1 1 0 0  0 1
tsan-dom 330 784 251 0 1 0 1 0 0  0 1
tsan-dom 284 626 920 1 1 1 1 0 0  0 1
tsan-dom 819 967 973 1 1 1 1 0 0  0 1
tsan-dom 901 767 852 1 0 1 0 1 0  1 0
tsan-dom 832 544 327 0 1 0 1 0 0  0 1
tsan-dom 211 738 628 1 0 1 0 1 0  1 0
tsan-dom 785 834 495 1 0 1 0 0 0  0 0
tsan-dom 239 95 555 1 0 1 0 0 0  0 0
tsan-dom 904 710 604 0 1 0 1 0 0  0 1
tsan-dom 973 34 217 1 0 1 0 0 0  0 0
tsan-dom 460 582 26 1 1 1 1 0 0  0 1
tsan-dom 679 507 644 1 1 1 1 0 0  0 1
tsan-dom 129 253 516 1 1 1 1 0 0  0 1
tsan-dom 513 258 896 1 0 1 0 1 0  1 0
tsan-dom 802 924 981 1 1 1 1 0 0  0 1
tsan-dom 336 670 552 1 1 1 1 0 0  0 1
tsan-dom 227 456 588 1 0 1 0 1 0  1 0
tsan-dom 240 194 465 1 1 1 1 0 0  0 1
tsan-dom 794 288 928 1 1 1 1 0 0  0 1
tsan-dom 935 73 64 1 1 1 1 0 0  0 1
tsan-dom 915 22 258 1 1 1 1 0 0  0 1
tsan-dom 1001 230 167 1 1 1 1 0 0  0 1
tsan-dom 792 559 607 0 1 0 1 0 0  0 1
tsan-dom 272 955 276 1 1 1 1 0 0  0 1
tsan-dom 985 236 965 1 0 1 0 1 0  1 0
tsan-dom 51 416 563 1 0 1 0 0 0  0 0
tsan-dom 183 203 165 1 0 1 0 0 0  0 0
tsan-dom 451 392 803 1 0 1 0 0 0  0 0
tsan-dom 953 980 815 1 0 1 0 0 0  0 0
tsan-dom 163 66 292 1 0 1 0 1 0  1 0
tsan-dom 641 358 873 1 0 1 0 1 0  1 0
tsan-dom 510 445 246 1 1 1 1 0 0  0 1
tsan-dom 742 727 225 1 1 1 1 0 0  0 1
tsan-dom 858 891 847 1 1 1 1 0 0  0 1
tsan-dom 763 558 771 1 1 1 1 0 0  0 1
tsan-dom 678 779 130 1 1 1 1 0 0  0 1
tsan-dom 84 614 750 1 1 1 1 0 0  0 1
tsan-dom 197 240 502 1 1 1 1 0 0  0 1
tsan-dom 590 349 402 1 1 1 1 0 0  0 1
tsan-dom 405 610 998 1 1 1 1 0 0  0 1
tsan-dom 339 705 482 1 0 1 0 1 0  1 0
tsan-dom 937 976 520 1 0 1 0 1 0  1 0
tsan-dom 84 30 128 1 1 1 1 0 0  0 1
tsan-dom 225 1010 594 1 1 1 1 0 0  0 1
tsan-dom 123 965 611 1 0 1 0 0 0  0 0
tsan-dom 820 667 413 0 1 0 1 0 0  0 1
tsan-dom 185 348 351 1 1 1 1 0 0  0 1
tsan-dom 662 328 154 1 1 1 1 0 0  0 1
tsan-dom 50 310 833 0 1 0 1 0 0  0 1
tsan-dom 337 327 889 1 1 1 1 0 0  0 1
tsan-dom 888 828 281 0 1 0 1 0 0  0 1
tsan-dom 649 1016 700 1 0 1 0 1 0  1 0
tsan-dom 62 714 919 0 1 0 1 0 0  0 1
tsan-dom 579 201 346 1 1 1 1 0 0  0 1
tsan-dom 527 986 872 1 1 1 1 0 0  0 1
tsan-dom 849 815 423 1 0 1 0 1 0  1 0
tsan-dom 390 546 773 0 1 0 1 0 0  0 1
tsan-dom 156 361 418 1 1 1 1 0 0  0 1
tsan-dom 763 156 411 1 1 1 1 0 0  0 1
tsan-dom 815 584 647 1 1 1 1 0 0  0 1
tsan-dom 984 190 12 0 1 0 1 0 0  0 1
tsan-dom 709 292 523 1 0 1 0 0 0  0 0
tsan-dom 468 934 698 1 1 1 1 0 0  0 1
tsan-dom 348 118 701 1 1 1 1 0 0  0 1
tsan-dom 243 579 61 1 0 1 0 0 0  0 0
tsan-dom 15 597 388 1 0 1 0 1 0  1 0
tsan-dom 2 886 409 0 1 0 1 0 0  0 1
tsan-dom 193 545 471 1 1 1 1 0 0  0 1
tsan-dom 912 440 632 0 1 0 1 0 0  0 1
tsan-dom 175 146 662 1 0 1 0 1 0  1 0
tsan-dom 768 221 342 0 1 0 1 0 0  0 1
tsan-dom 172 334 378 1 1 1 1 0 0  0 1
tsan-dom 417 610 604 1 1 1 1 0 0  0 1
tsan-dom 171 850 454 1 0 1 0 1 0  1 0
tsan-dom 923 287 366 1 1 1 1 0 0  0 1
tsan-dom 62 875 633 0 1 0 1 0 0  0 1
tsan-dom 705 927 322 1 0 1 0 1 0  1 0
tsan-dom 515 860 286 1 1 1 1 0 0  0 1
tsan-dom 666 961 1007 1 1 1 1 0 0  0 1
tsan-dom 757 440 155 1 0 1 0 1 0  1 0
tsan-dom 876 470 1005 0 1 0 1 0 0  0 1
tsan-dom 286 998 341 0 1 0 1 0 0  0 1
tsan-dom 826 51 256 1 1 1 1 0 0  0 1
tsan-dom 991 692 83 1 1 1 1 0 0  0 1
tsan-dom 25 433 530 1 1 1 1 0 0  0 1
tsan-dom 47 316 464 1 0 1 0 1 0  1 0
tsan-dom 897 943 26 1 0 1 0 1 0  1 0
tsan-dom 348 318 473 1 1 1 1 0 0  0 1
tsan-dom 483 830 764 1 0 1 0 1 0  1 0
tsan-dom 130 34 129 0 1 0 1 0 0  0 1
tsan-dom 735 761 786 1 1 1 1 0 0  0 1
tsan-dom 469 501 337 1 1 1 1 0 0  0 1
tsan-dom 68 345 257 1 1 1 1 0 0  0 1
tsan-dom 654 510 859 1 1 1 1 0 0  0 1
tsan-dom 267 826 569 1 0 1 0 1 0  1 0
tsan-dom 411 166 285 1 0 1 0 0 0  0 0
tsan-dom 869 756 499 1 0 1 0 0 0  0 0
tsan-dom 686 836 385 1 1 1 1 0 0  0 1
tsan-dom 622 830 335 1 1 1 1 0 0  0 1
tsan-dom 341 819 998 1 1 1 1 0 0  0 1
tsan-dom 17 494 530 1 1 1 1 0 0  0 1
tsan-dom 761 583 354 1 0 1 0 1 0  1 0
tsan-dom 3 891 167 1 0 1 0 1 0  1 0
tsan-dom 61 922 10 1 1 1 1 0 0  0 1
tsan-dom 759 384 12 1 1 1 1 0 0  0 1
tsan-dom 84 863 975 1 1 1 1 0 0  0 1
tsan-dom 531 759 839 1 1 1 1 0 0  0 1
tsan-dom 5 115 591 1 1 1 1 0 0  0 1
tsan-dom 209 240 124 1 1 1 1 0 0  0 1
tsan-dom 177 773 850 1 1 1 1 0 0  0 1
tsan-dom 737 574 236 1 0 1 0 1 0  1 0
tsan-dom 572 727 170 0 1 0 1 0 0  0 1
tsan-dom 593 864 675 1 0 1 0 0 0  0 0
tsan-dom 86 43 507 0 1 0 1 0 0  0 1
tsan-dom 260 323 389 1 1 1 1 0 0  0 1
tsan-dom 942 461 234 1 1 1 1 0 0  0 1
tsan-dom 334 22 866 0 1 0 1 0 0  0 1
tsan-dom 587 792 933 1 1 1 1 0 0  0 1
tsan-dom 836 4 528 0 1 0 1 0 0  0 1
tsan-dom 46 918 972 0 1 0 1 0 0  0 1
tsan-dom 641 838 427 1 0 1 0 1 0  1 0
tsan-dom 826 328 508 1 1 1 1 0 0  0 1
tsan-dom 653 866 893 1 0 1 0 1 0  1 0
tsan-dom 761 319 420 1 0 1 0 1 0  1 0
tsan-dom 734 881 278 1 1 1 1 0 0  0 1
tsan-dom 221 267 521 1 1 1 1 0 0  0 1
tsan-dom 781 878 954 1 0 1 0 1 0  1 0
tsan-dom 429 486 500 1 1 1 1 0 0  0 1
tsan-dom 553 32 869 1 0 1 0 1 0  1 0
tsan-dom 904 399 299 0 1 0 1 0 0  0 1
tsan-dom 331 246 440 1 0 1 0 1 0  1 0
tsan-dom 392 991 81 1 1 1 1 0 0  0 1
tsan-dom 276 474 625 1 1 1 1 0 0  0 1
tsan-dom 272 225 98 1 1 1 1 0 0  0 1
tsan-dom 32 302 953 1 1 1 1 0 0  0 1
tsan-dom 386 464 394 0 1 0 1 0 0  0 1
tsan-dom 252 735 586 1 1 1 1 0 0  0 1
tsan-dom 81 207 436 1 1 1 1 0 0  0 1
tsan-dom 902 562 480 1 1 1 1 0 0  0 1
tsan-dom 394 588 90 0 1 0 1 0 0  0 1
tsan-dom 70 525 75 0 1 0 1 0 0  0 1
tsan-dom 712 152 530 0 1 0 1 0 0  0 1
tsan-dom 1000 865 74 1 1 1 1 0 0  0 1
tsan-dom 182 653 800 0 1 0 1 0 0  0 1
tsan-dom 83 230 546 1 0 1 0 1 0  1 0
tsan-dom 885 312 72 1 0 1 0 1 0  1 0
tsan-dom 166 668 219 0 1 0 1 0 0  0 1
tsan-dom 129 796 365 1 1 1 1 0 0  0 1
tsan-dom 569 830 33 1 0 1 0 0 0  0 0
tsan-dom 987 347 510 1 1 1 1 0 0  0 1
tsan-dom 988 925 676 0 1 0 1 0 0  0 1
tsan-dom 1023 963 56 1 0 1 0 1 0  1 0
tsan-dom 468 634 13 1 1 1 1 0 0  0 1
tsan-dom 963 735 908 1 1 1 1 0 0  0 1
tsan-dom 30 508 900 0 1 0 1 0 0  0 1
tsan-dom 375 255 736 1 0 1 0 1 0  1 0
tsan-dom 604 115 545 0 1 0 1 0 0  0 1
tsan-dom 861 894 674 1 0 1 0 1 0  1 0
tsan-dom 552 880 157 0 1 0 1 0 0  0 1
tsan-dom 473 887 928 1 1 1 1 0 0  0 1
tsan-dom 260 27 96 1 1 1 1 0 0  0 1
tsan-dom 511 864 182 1 1 1 1 0 0  0 1
tsan-dom 447 240 201 1 0 1 0 0 0  0 0
tsan-dom 804 755 272 0 1 0 1 0 0  0 1
tsan-dom 835 384 950 1 1 1 1 0 0  0 1
tsan-dom 241 707 538 1 1 1 1 0 0  0 1
tsan-dom 27 444 103 1 0 1 0 1 0  1 0
tsan-dom 487 331 160 1 1 1 1 0 0  0 1
tsan-dom 518 351 281 1 1 1 1 0 0  0 1
tsan-dom 859 974 637 1 1 1 1 0 0  0 1
tsan-dom 332 587 435 1 1 1 1 0 0  0 1
tsan-dom 625 800 893 1 0 1 0 1 0  1 0
tsan-dom 915 381 894 1 1 1 1 0 0  0 1
tsan-dom 507 380 359 1 1 1 1 0 0  0 1
tsan-dom 611 511 800 1 1 1 1 0 0  0 1
tsan-dom 975 436 213 1 1 1 1 0 0  0 1
tsan-dom 54 1009 408 0 1 0 1 0 0  0 1
tsan-dom 794 248 443 1 1 1 1 0 0  0 1
tsan-dom 632 337 780 0 1 0 1 0 0  0 1
tsan-dom 55 21 583 1 0 1 0 0 0  0 0
tsan-dom 279 397 953 1 0 1 0 1 0  1 0
tsan-dom 903 569 511 1 1 1 1 0 0  0 1
tsan-dom 259 457 293 1 0 1 0 0 0  0 0
tsan-dom 363 905 29 1 0 1 0 0 0  0 0
tsan-dom 690 264 873 1 1 1 1 0 0  0 1
tsan-dom 825 60 213 1 0 1 0 0 0  0 0
tsan-dom 744 728 399 0 1 0 1 0 0  0 1
tsan-dom 424 417 801 1 1 1 1 0 0  0 1
tsan-dom 458 915 786 0 1 0 1 0 0  0 1
tsan-dom 374 418 827 0 1 0 1 0 0  0 1
tsan-dom 516 638 490 0 1 0 1 0 0  0 1
tsan-dom 918 342 762 1 1 1 1 0 0  0 1
tsan-dom 318 848 937 0 1 0 1 0 0  0 1
tsan-dom 644 798 4 0 1 0 1 0 0  0 1
tsan-dom 12 693 61 1 1 1 1 0 0  0 1
tsan-dom 207 433 660 1 0 1 0 1 0  1 0
tsan-dom 642 350 414 1 1 1 1 0 0  0 1
tsan-dom 1019 197 566 1 0 1 0 1 0  1 0
tsan-dom 1023 650 827 1 0 1 0 0 0  0 0
tsan-dom 152 620 871 1 1 1 1 0 0  0 1
tsan-dom 730 541 943 1 1 1 1 0 0  0 1
tsan-dom 390 443 869 0 1 0 1 0 0  0 1
tsan-dom 835 837 22 1 1 1 1 0 0  0 1
tsan-dom 108 850 302 1 1 1 1 0 0  0 1
tsan-dom 971 384 561 1 1 1 1 0 0  0 1
tsan-dom 246 81 683 0 1 0 1 0 0  0 1
tsan-dom 841 927 2 1 0 1 0 1 0  1 0
tsan-dom 121 683 348 1 1 1 1 0 0  0 1
tsan-dom 148 787 305 1 1 1 1 0 0  0 1
tsan-dom 166 884 495 0 1 0 1 0 0  0 1
tsan-dom 815 526 747 1 1 1 1 0 0  0 1
tsan-dom 446 186 204 0 1 0 1 0 0  0 1
tsan-dom 808 360 752 0 1 0 1 0 0  0 1
tsan-dom 922 92 707 1 1 1 1 0 0  0 1
tsan-dom 555 155 712 1 1 1 1 0 0  0 1
tsan-dom 42 324 539 0 1 0 1 0 0  0 1
tsan-dom 52 128 863 1 1 1 1 0 0  0 1
tsan-dom 875 511 218 1 1 1 1 0 0  0 1
tsan-dom 759 234 23 1 1 1 1 0 0  0 1
tsan-dom 620 943 164 0 1 0 1 0 0  0 1
tsan-dom 69 821 136 1 1 1 1 0 0  0 1
tsan-dom 352 314 31 1 1 1 1 0 0  0 1
tsan-dom 412 83 3 1 1 1 1 0 0  0 1
tsan-dom 171 208 561 1 0 1 0 1 0  1 0
tsan-dom 870 477 74 1 1 1 1 0 0  0 1
tsan-dom 594 572 426 1 1 1 1 0 0  0 1
tsan-dom 820 395 628 0 1 0 1 0 0  0 1
tsan-dom 916 1014 536 0 1 0 1 0 0  0 1
tsan-dom 361 626 33 1 1 1 1 0 0  0 1
tsan-dom 567 99 467 1 1 1 1 0 0  0 1
tsan-dom 383 417 459 1 0 1 0 1 0  1 0
tsan-dom 358 947 889 0 1 0 1 0 0  0 1
tsan-dom 951 987 899 1 1 1 1 0 0  0 1
tsan-dom 905 647 57 1 0 1 0 0 0  0 0
tsan-dom 236 933 463 1 1 1 1 0 0  0 1
tsan-dom 424 102 921 1 1 1 1 0 0  0 1
tsan-dom 419 643 608 1 0 1 0 1 0  1 0
tsan-dom 686 243 177 1 1 1 1 0 0  0 1
tsan-dom 287 695 605 1 0 1 0 1 0  1 0
tsan-dom 862 122 618 1 1 1 1 0 0  0 1
tsan-dom 82 225 683 0 1 0 1 0 0  0 1
tsan-dom 122 644 609 0 1 0 1 0 0  0 1
tsan-dom 400 681 122 1 1 1 1 0 0  0 1
tsan-dom 441 258 450 1 1 1 1 0 0  0 1
tsan-dom 279 474 994 1 0 1 0 1 0  1 0
tsan-dom 389 332 160 1 1 1 1 0 0  0 1
tsan-dom 675 484 481 1 1 1 1 0 0  0 1
tsan-dom 12 594 409 1 1 1 1 0 0  0 1
tsan-dom 404 606 590 1 1 1 1 0 0  0 1
tsan-dom 60 825 666 1 1 1 1 0 0  0 1
tsan-dom 163 957 177 1 0 1 0 0 0  0 0
tsan-dom 742 528 551 1 1 1 1 0 0  0 1
tsan-dom 280 1002 981 1 1 1 1 0 0  0 1
tsan-dom 624 970 590 0 1 0 1 0 0  0 1
tsan-dom 984 806 877 0 1 0 1 0 0  0 1
tsan-dom 707 790 391 1 1 1 1 0 0  0 1
tsan-dom 951 822 863 1 1 1 1 0 0  0 1
tsan-dom 712 856 653 0 1 0 1 0 0  0 1
tsan-dom 793 364 214 1 0 1 0 1 0  1 0
tsan-dom 88 347 552 1 1 1 1 0 0  0 1
tsan-dom 578 248 615 1 1 1 1 0 0  0 1
tsan-dom 710 494 904 1 1 1 1 0 0  0 1
tsan-dom 393 559 251 1 1 1 1 0 0  0 1
tsan-dom 381 716 285 1 1 1 1 0 0  0 1
tsan-dom 339 787 964 1 0 1 0 1 0  1 0
tsan-dom 592 450 747 0 1 0 1 0 0  0 1
tsan-dom 816 2 39 0 1 0 1 0 0  0 1
tsan-dom 12 823 524 1 1 1 1 0 0  0 1
tsan-dom 265 281 817 1 1 1 1 0 0  0 1
tsan-dom 826 871 309 1 1 1 1 0 0  0 1
tsan-dom 662 17 59 1 1 1 1 0 0  0 1
tsan-dom 652 396 562 0 1 0 1 0 0  0 1
tsan-dom 802 986 842 1 1 1 1 0 0  0 1
tsan-dom 613 936 322 1 0 1 0 1 0  1 0
tsan-dom 774 824 495 1 1 1 1 0 0  0 1
tsan-dom 578 459 53 1 1 1 1 0 0  0 1
tsan-dom 518 772 580 1 1 1 1 0 0  0 1
tsan-dom 412 963 325 1 1 1 1 0 0  0 1
tsan-dom 753 314 826 1 0 1 0 1 0  1 0
tsan-dom 114 143 69 0 1 0 1 0 0  0 1
tsan-dom 527 85 882 1 1 1 1 0 0  0 1
tsan-dom 75 995 450 1 0 1 0 1 0  1 0
tsan-dom 1001 332 428 1 1 1 1 0 0  0 1
tsan-dom 837 668 448 1 0 1 0 1 0  1 0
tsan-dom 798 838 325 1 1 1 1 0 0  0 1
tsan-dom 239 277 173 1 0 1 0 0 0  0 0
tsan-dom 781 655 703 1 0 1 0 0 0  0 0
tsan-dom 874 398 983 1 1 1 1 0 0  0 1
tsan-dom 858 1002 263 1 1 1 1 0 0  0 1
tsan-dom 165 286 707 1 1 1 1 0 0  0 1
tsan-dom 583 992 685 1 1 1 1 0 0  0 1
tsan-dom 324 84 284 1 1 1 1 0 0  0 1
tsan-dom 631 321 780 1 1 1 1 0 0  0 1
tsan-dom 173 597 599 1 1 1 1 0 0  0 1
tsan-dom 1016 174 426 1 1 1 1 0 0  0 1
tsan-dom 706 737 118 1 1 1 1 0 0  0 1
tsan-dom 543 49 957 1 1 1 1 0 0  0 1
tsan-dom 124 824 511 1 1 1 1 0 0  0 1
tsan-dom 82 285 417 0 1 0 1 0 0  0 1
tsan-dom 609 566 809 1 0 1 0 1 0  1 0
tsan-dom 437 246 531 1 1 1 1 0 0  0 1
tsan-dom 688 540 556 0 1 0 1 0 0  0 1
tsan-dom 196 777 479 1 1 1 1 0 0  0 1
tsan-dom 354 558 103 0 1 0 1 0 0  0 1
tsan-dom 737 85 848 1 0 1 0 1 0  1 0
tsan-dom 301 231 819 1 1 1 1 0 0  0 1
tsan-dom 460 814 352 1 1 1 1 0 0  0 1
tsan-dom 360 98 22 1 1 1 1 0 0  0 1
tsan-dom 369 80 470 1 1 1 1 0 0  0 1
tsan-dom 540 792 650 0 1 0 1 0 0  0 1
tsan-dom 633 684 355 1 0 1 0 1 0  1 0
tsan-dom 403 334 84 1 0 1 0 1 0  1 0
tsan-dom 819 121 931 1 1 1 1 0 0  0 1
tsan-dom 955 430 103 1 1 1 1 0 0  0 1
tsan-dom 661 920 46 1 0 1 0 1 0  1 0
tsan-dom 397 168 60 1 1 1 1 0 0  0 1
tsan-dom 618 258 369 1 1 1 1 0 0  0 1
tsan-dom 429 636 8 1 1 1 1 0 0  0 1
tsan-dom 58 701 414 0 1 0 1 0 0  0 1
tsan-dom 489 966 449 1 0 1 0 0 0  0 0
tsan-dom 227 147 958 1 0 1 0 1 0  1 0
tsan-dom 698 472 158 1 1 1 1 0 0  0 1
tsan-dom 455 584 665 1 0 1 0 1 0  1 0
tsan-dom 863 654 37 1 1 1 1 0 0  0 1
tsan-dom 686 142 191 1 1 1 1 0 0  0 1
tsan-dom 875 905 502 1 1 1 1 0 0  0 1
tsan-dom 634 394 413 1 1 1 1 0 0  0 1
tsan-dom 827 240 93 1 1 1 1 0 0  0 1
tsan-dom 488 510 892 0 1 0 1 0 0  0 1
tsan-dom 317 836 998 1 1 1 1 0 0  0 1
tsan-dom 886 450 666 1 1 1 1 0 0  0 1
tsan-dom 578 232 319 1 1 1 1 0 0  0 1
tsan-dom 236 590 481 1 1 1 1 0 0  0 1
tsan-dom 938 516 238 1 1 1 1 0 0  0 1
tsan-dom 601 254 41 1 0 1 0 0 0  0 0
tsan-dom 714 516 453 1 1 1 1 0 0  0 1
tsan-dom 498 250 307 1 1 1 1 0 0  0 1
tsan-dom 521 152 175 1 0 1 0 1 0  1 0
tsan-dom 221 251 391 1 1 1 1 0 0  0 1
tsan-dom 237 289 855 1 1 1 1 0 0  0 1
tsan-dom 513 723 324 1 0 1 0 1 0  1 0
tsan-dom 142 43 893 0 1 0 1 0 0  0 1
tsan-dom 185 642 995 1 1 1 1 0 0  0 1
tsan-dom 33 850 611 1 1 1 1 0 0  0 1
tsan-dom 788 408 393 0 1 0 1 0 0  0 1
tsan-dom 934 325 70 1 1 1 1 0 0  0 1
tsan-dom 845 477 732 1 0 1 0 1 0  1 0
tsan-dom 409 223 410 1 1 1 1 0 0  0 1
tsan-dom 193 60 583 1 1 1 1 0 0  0 1
tsan-dom 862 990 135 1 1 1 1 0 0  0 1
tsan-dom 835 776 118 1 1 1 1 0 0  0 1
tsan-dom 232 934 736 1 1 1 1 0 0  0 1
tsan-dom 568 854 252 0 1 0 1 0 0  0 1
tsan-dom 474 408 554 0 1 0 1 0 0  0 1
tsan-dom 867 120 363 1 1 1 1 0 0  0 1
tsan-dom 202 422 520 0 1 0 1 0 0  0 1
tsan-dom 856 880 163 0 1 0 1 0 0  0 1
tsan-dom 674 386 956 1 1 1 1 0 0  0 1
tsan-dom 954 12 235 1 1 1 1 0 0  0 1
tsan-dom 216 875 11 1 1 1 1 0 0  0 1
tsan-dom 213 765 756 1 1 1 1 0 0  0 1
tsan-dom 208 810 278 1 1 1 1 0 0  0 1
tsan-dom 597 801 774 1 0 1 0 1 0  1 0
tsan-dom 408 66 490 1 1 1 1 0 0  0 1
tsan-dom 952 116 755 0 1 0 1 0 0  0 1
tsan-dom 181 793 878 1 1 1 1 0 0  0 1
tsan-dom 1013 725 678 1 1 1 1 0 0  0 1
tsan-dom 736 713 179 0 1 0 1 0 0  0 1
tsan-dom 113 537 672 1 1 1 1 0 0  0 1
tsan-dom 167 5 919 1 0 1 0 0 0  0 0
tsan-dom 371 991 281 1 0 1 0 0 0  0 0
tsan-dom 718 825 956 1 1 1 1 0 0  0 1
tsan-dom 729 773 882 1 0 1 0 1 0  1 0
tsan-dom 445 630 701 1 1 1 1 0 0  0 1
tsan-dom 967 241 252 1 1 1 1 0 0  0 1
tsan-dom 503 461 907 1 1 1 1 0 0  0 1
tsan-dom 22 307 532 0 1 0 1 0 0  0 1
tsan-dom 959 257 937 1 1 1 1 0 0  0 1
tsan-dom 584 48 251 0 1 0 1 0 0  0 1
tsan-dom 543 734 234 1 1 1 1 0 0  0 1
tsan-dom 748 950 19 0 1 0 1 0 0  0 1
tsan-dom 608 218 98 0 1 0 1 0 0  0 1
tsan-dom 961 992 170 1 0 1 0 1 0  1 0
tsan-dom 857 1002 742 1 0 1 0 1 0  1 0
tsan-dom 646 126 208 1 1 1 1 0 0  0 1
tsan-dom 422 576 139 0 1 0 1 0 0  0 1
tsan-dom 850 688 843 1 1 1 1 0 0  0 1
tsan-dom 95 290 823 1 0 1 0 0 0  0 0
tsan-dom 877 51 253 1 0 1 0 0 0  0 0
tsan-dom 238 813 83 0 1 0 1 0 0  0 1
tsan-dom 169 725 1006 1 1 1 1 0 0  0 1
tsan-dom 102 743 506 0 1 0 1 0 0  0 1
tsan-dom 491 156 277 1 1 1 1 0 0  0 1
tsan-dom 238 212 206 0 1 0 1 0 0  0 1
tsan-dom 621 72 115 1 0 1 0 1 0  1 0
tsan-dom 67 353 342 1 0 1 0 1 0  1 0
tsan-dom 31 398 656 1 0 1 0 1 0  1 0
tsan-dom 615 954 923 1 1 1 1 0 0  0 1
tsan-dom 159 181 794 1 0 1 0 1 0  1 0
tsan-dom 444 881 706 1 1 1 1 0 0  0 1
tsan-dom 33 587 802 1 1 1 1 0 0  0 1
tsan-dom 728 474 191 0 1 0 1 0 0  0 1
tsan-dom 590 236 473 1 1 1 1 0 0  0 1
tsan-dom 952 151 989 0 1 0 1 0 0  0 1
tsan-dom 331 827 524 1 0 1 0 1 0  1 0
tsan-dom 263 295 35 1 0 1 0 1 0  1 0
tsan-dom 1004 638 637 1 1 1 1 0 0  0 1
tsan-dom 739 465 635 1 1 1 1 0 0  0 1
tsan-dom 267 853 597 1 0 1 0 1 0  1 0
tsan-dom 839 716 957 1 1 1 1 0 0  0 1
tsan-dom 483 715 234 1 0 1 0 1 0  1 0
tsan-dom 806 898 185 1 1 1 1 0 0  0 1
tsan-dom 390 835 64 0 1 0 1 0 0  0 1
tsan-dom 474 168 460 0 1 0 1 0 0  0 1
tsan-dom 743 453 963 1 1 1 1 0 0  0 1
tsan-dom 534 284 189 1 1 1 1 0 0  0 1
tsan-dom 289 335 950 1 1 1 1 0 0  0 1
tsan-dom 263 483 414 1 0 1 0 1 0  1 0
tsan-dom 645 16 517 1 0 1 0 1 0  1 0
tsan-dom 814 6 272 1 1 1 1 0 0  0 1
tsan-dom 711 264 1007 1 1 1 1 0 0  0 1
tsan-dom 521 177 185 1 0 1 0 0 0  0 0
tsan-dom 31 352 349 1 0 1 0 0 0  0 0
tsan-dom 920 524 598 0 1 0 1 0 0  0 1
tsan-dom 948 889 756 0 1 0 1 0 0  0 1
tsan-dom 596 10 778 0 1 0 1 0 0  0 1
tsan-dom 779 197 422 1 1 1 1 0 0  0 1
tsan-dom 889 935 704 1 0 1 0 1 0  1 0
tsan-dom 520 755 428 0 1 0 1 0 0  0 1
tsan-dom 352 62 565 1 1 1 1 0 0  0 1
tsan-dom 81 263 493 1 1 1 1 0 0  0 1
tsan-dom 803 426 436 1 1 1 1 0 0  0 1
tsan-dom 600 219 235 0 1 0 1 0 0  0 1
tsan-dom 668 709 109 0 1 0 1 0 0  0 1
tsan-dom 176 170 822 1 1 1 1 0 0  0 1
tsan-dom 96 408 234 1 1 1 1 0 0  0 1
tsan-dom 118 18 337 0 1 0 1 0 0  0 1
tsan-dom 183 842 939 1 0 1 0 0 0  0 0
tsan-dom 807 407 889 1 1 1 1 0 0  0 1
tsan-dom 494 468 382 1 1 1 1 0 0  0 1
tsan-dom 569 585 421 1 0 1 0 0 0  0 0
tsan-dom 611 1018 96 1 1 1 1 0 0  0 1
tsan-dom 993 971 210 1 0 1 0 1 0  1 0
tsan-dom 25 550 304 1 1 1 1 0 0  0 1
tsan-dom 833 138 248 1 0 1 0 1 0  1 0
tsan-dom 44 769 197 1 1 1 1 0 0  0 1
tsan-dom 14 452 429 0 1 0 1 0 0  0 1
tsan-dom 1016 591 412 1 1 1 1 0 0  0 1
tsan-dom 437 290 42 1 1 1 1 0 0  0 1
tsan-dom 506 378 81 1 1 1 1 0 0  0 1
tsan-dom 558 813 540 1 1 1 1 0 0  0 1
tsan-dom 836 109 46 0 1 0 1 0 0  0 1
tsan-dom 280 239 53 1 1 1 1 0 0  0 1
tsan-dom 11 899 182 1 0 1 0 1 0  1 0
tsan-dom 975 628 829 1 1 1 1 0 0  0 1
tsan-dom 783 231 167 1 1 1 1 0 0  0 1
tsan-dom 865 405 469 1 0 1 0 0 0  0 0
tsan-dom 660 930 964 0 1 0 1 0 0  0 1
tsan-dom 419 988 41 1 0 1 0 0 0  0 0
tsan-dom 688 637 716 0 1 0 1 0 0  0 1
tsan-dom 741 309 220 1 0 1 0 1 0  1 0
tsan-dom 124 652 440 1 1 1 1 0 0  0 1
tsan-dom 737 365 845 1 0 1 0 1 0  1 0
tsan-dom 970 44 126 1 1 1 1 0 0  0 1
tsan-dom 52 39 759 1 1 1 1 0 0  0 1
tsan-dom 248 643 821 1 1 1 1 0 0  0 1
tsan-dom 255 684 949 1 0 1 0 1 0  1 0
tsan-dom 250 587 730 0 1 0 1 0 0  0 1
tsan-dom 811 744 469 1 1 1 1 0 0  0 1
tsan-dom 738 45 453 1 1 1 1 0 0  0 1
tsan-dom 50 279 251 0 1 0 1 0 0  0 1
tsan-dom 635 32 1016 1 1 1 1 0 0  0 1
tsan-dom 167 1017 450 1 0 1 0 1 0  1 0
tsan-dom 415 866 507 1 0 1 0 0 0  0 0
tsan-dom 557 278 726 1 0 1 0 1 0  1 0
tsan-dom 508 350 357 0 1 0 1 0 0  0 1
tsan-dom 145 233 731 1 1 1 1 0 0  0 1
tsan-dom 919 697 337 1 1 1 1 0 0  0 1
tsan-dom 881 973 565 1 0 1 0 1 0  1 0
tsan-dom 1004 897 966 1 1 1 1 0 0  0 1
tsan-dom 724 477 811 0 1 0 1 0 0  0 1
tsan-dom 442 313 246 0 1 0 1 0 0  0 1
tsan-dom 101 513 862 1 1 1 1 0 0  0 1
tsan-dom 77 613 60 1 1 1 1 0 0  0 1
tsan-dom 292 134 960 1 1 1 1 0 0  0 1
tsan-dom 687 21 7 1 1 1 1 0 0  0 1
tsan-dom 956 160 24 0 1 0 1 0 0  0 1
tsan-dom 277 538 481 1 1 1 1 0 0  0 1
tsan-dom 700 22 103 0 1 0 1 0 0  0 1
tsan-dom 940 944 743 0 1 0 1 0 0  0 1
tsan-dom 723 253 631 1 1 1 1 0 0  0 1
tsan-dom 76 737 822 1 1 1 1 0 0  0 1
tsan-dom 539 331 694 1 1 1 1 0 0  0 1
tsan-dom 693 293 685 1 0 1 0 1 0  1 0
tsan-dom 62 992 664 0 1 0 1 0 0  0 1
tsan-dom 353 782 315 1 1 1 1 0 0  0 1
tsan-dom 932 682 116 0 1 0 1 0 0  0 1
tsan-dom 606 611 683 1 1 1 1 0 0  0 1
tsan-dom 716 973 879 0 1 0 1 0 0  0 1
tsan-dom 142 559 467 0 1 0 1 0 0  0 1
tsan-dom 665 260 32 1 0 1 0 1 0  1 0
tsan-dom 202 722 713 0 1 0 1 0 0  0 1
tsan-dom 345 850 1004 1 1 1 1 0 0  0 1
tsan-dom 574 637 846 1 1 1 1 0 0  0 1
tsan-dom 563 241 594 1 1 1 1 0 0  0 1
tsan-dom 900 401 619 0 1 0 1 0 0  0 1
tsan-dom 999 996 695 1 0 1 0 0 0  0 0
tsan-dom 917 920 418 1 0 1 0 1 0  1 0
tsan-dom 952 278 285 0 1 0 1 0 0  0 1
tsan-dom 596 592 324 0 1 0 1 0 0  0 1
tsan-dom 905 2 881 1 0 1 0 1 0  1 0
tsan-dom 686 243 785 1 1 1 1 0 0  0 1
tsan-dom 894 810 721 1 1 1 1 0 0  0 1
tsan-dom 976 814 882 0 1 0 1 0 0  0 1
tsan-dom 390 14 671 0 1 0 1 0 0  0 1
tsan-dom 787 1019 582 1 1 1 1 0 0  0 1
tsan-dom 638 964 951 1 1 1 1 0 0  0 1
tsan-dom 628 95 669 0 1 0 1 0 0  0 1
tsan-dom 230 576 126 0 1 0 1 0 0  0 1
tsan-dom 566 953 431 1 1 1 1 0 0  0 1
tsan-dom 384 614 549 1 1 1 1 0 0  0 1
tsan-dom 878 0 101 1 1 1 1 0 0  0 1
tsan-dom 766 1022 523 1 1 1 1 0 0  0 1
tsan-dom 431 165 241 1 0 1 0 0 0  0 0
tsan-dom 606 853 340 1 1 1 1 0 0  0 1
tsan-dom 849 23 975 1 0 1 0 0 0  0 0
tsan-dom 243 976 715 1 0 1 0 0 0  0 0
tsan-dom 251 763 29 1 0 1 0 0 0  0 0
tsan-dom 156 361 324 1 1 1 1 0 0  0 1
tsan-dom 189 332 33 1 1 1 1 0 0  0 1
tsan-dom 353 373 710 1 1 1 1 0 0  0 1
tsan-dom 543 895 924 1 1 1 1 0 0  0 1
tsan-dom 6 298 807 0 1 0 1 0 0  0 1
tsan-dom 547 902 673 1 1 1 1 0 0  0 1
tsan-dom 935 141 803 1 1 1 1 0 0  0 1
tsan-dom 784 31 262 0 1 0 1 0 0  0 1
tsan-dom 592 829 613 0 1 0 1 0 0  0 1
tsan-dom 872 503 569 0 1 0 1 0 0  0 1
tsan-dom 840 91 860 0 1 0 1 0 0  0 1
tsan-dom 386 3 675 0 1 0 1 0 0  0 1
tsan-dom 102 449 263 0 1 0 1 0 0  0 1
tsan-dom 161 472 284 1 1 1 1 0 0  0 1
tsan-dom 100 206 112 1 1 1 1 0 0  0 1
tsan-dom 877 261 261 1 0 1 0 0 0  0 0
tsan-dom 737 61 59 1 0 1 0 1 0  1 0
tsan-dom 210 596 705 0 1 0 1 0 0  0 1
tsan-dom 1006 981 782 0 1 0 1 0 0  0 1
tsan-dom 219 8 746 1 0 1 0 1 0  1 0
tsan-dom 791 290 57 1 1 1 1 0 0  0 1
tsan-dom 850 419 820 1 1 1 1 0 0  0 1
tsan-dom 360 259 636 1 1 1 1 0 0  0 1
tsan-dom 838 233 529 1 1 1 1 0 0  0 1
tsan-dom 650 40 138 1 1 1 1 0 0  0 1
tsan-dom 990 575 439 1 1 1 1 0 0  0 1
tsan-dom 958 1 954 1 1 1 1 0 0  0 1
tsan-dom 613 29 514 1 0 1 0 1 0  1 0
tsan-dom 518 403 848 1 1 1 1 0 0  0 1
tsan-dom 865 864 144 1 0 1 0 1 0  1 0
tsan-dom 132 30 620 1 1 1 1 0 0  0 1
tsan-dom 312 474 250 1 1 1 1 0 0  0 1
tsan-dom 275 631 64 1 0 1 0 1 0  1 0
tsan-dom 637 320 570 1 0 1 0 1 0  1 0
tsan-dom 371 320 377 1 0 1 0 0 0  0 0
tsan-dom 619 904 170 1 1 1 1 0 0  0 1
tsan-dom 496 824 18 0 1 0 1 0 0  0 1
tsan-dom 728 23 98 0 1 0 1 0 0  0 1
tsan-dom 533 610 958 1 0 1 0 1 0  1 0
tsan-dom 450 232 372 0 1 0 1 0 0  0 1
tsan-dom 176 643 324 1 1 1 1 0 0  0 1
tsan-dom 185 224 176 1 1 1 1 0 0  0 1
tsan-dom 171 903 706 1 0 1 0 1 0  1 0
tsan-dom 394 635 60 0 1 0 1 0 0  0 1
tsan-dom 317 323 645 1 1 1 1 0 0  0 1
tsan-dom 500 438 44 0 1 0 1 0 0  0 1
tsan-dom 928 820 819 0 1 0 1 0 0  0 1
tsan-dom 597 673 111 1 0 1 0 1 0  1 0
tsan-dom 682 982 800 1 1 1 1 0 0  0 1
tsan-dom 588 944 383 0 1 0 1 0 0  0 1
tsan-dom 859 738 454 1 1 1 1 0 0  0 1
tsan-dom 958 149 802 1 1 1 1 0 0  0 1
tsan-dom 78 905 5 0 1 0 1 0 0  0 1
tsan-dom 918 433 188 1 1 1 1 0 0  0 1
tsan-dom 778 685 797 1 1 1 1 0 0  0 1
tsan-dom 13 62 58 1 1 1 1 0 0  0 1
tsan-dom 580 947 942 0 1 0 1 0 0  0 1
tsan-dom 230 336 802 0 1 0 1 0 0  0 1
tsan-dom 361 303 72 1 1 1 1 0 0  0 1
tsan-dom 413 532 269 1 1 1 1 0 0  0 1
tsan-dom 755 884 234 1 1 1 1 0 0  0 1
tsan-dom 998 676 999 0 1 0 1 0 0  0 1
tsan-dom 5 387 449 1 1 1 1 0 0  0 1
tsan-dom 984 419 370 0 1 0 1 0 0  0 1
tsan-dom 23 141 279 1 0 1 0 1 0  1 0
tsan-dom 863 796 263 1 1 1 1 0 0  0 1
tsan-dom 945 942 911 1 0 1 0 0 0  0 0
tsan-dom 41 185 466 1 1 1 1 0 0  0 1
tsan-dom 286 211 82 0 1 0 1 0 0  0 1
tsan-dom 61 402 302 1 1 1 1 0 0  0 1
tsan-dom 321 107 345 1 1 1 1 0 0  0 1
tsan-dom 224 976 348 1 1 1 1 0 0  0 1
tsan-dom 500 891 570 0 1 0 1 0 0  0 1
tsan-dom 881 711 573 1 0 1 0 1 0  1 0
tsan-dom 846 672 988 1 1 1 1 0 0  0 1
tsan-dom 855 508 945 1 1 1 1 0 0  0 1
tsan-dom 180 900 810 1 1 1 1 0 0  0 1
tsan-dom 583 813 544 1 1 1 1 0 0  0 1
tsan-dom 712 473 927 0 1 0 1 0 0  0 1
tsan-dom 193 922 752 1 1 1 1 0 0  0 1
tsan-dom 176 677 733 1 1 1 1 0 0  0 1
tsan-dom 287 140 753 1 0 1 0 1 0  1 0
tsan-dom 320 102 565 1 1 1 1 0 0  0 1
tsan-dom 244 715 71 1 1 1 1 0 0  0 1
tsan-dom 519 745 630 1 1 1 1 0 0  0 1
tsan-dom 428 563 85 1 1 1 1 0 0  0 1
tsan-dom 87 849 454 1 0 1 0 1 0  1 0
tsan-dom 126 498 330 0 1 0 1 0 0  0 1
tsan-dom 512 934 553 0 1 0 1 0 0  0 1
tsan-dom 449 112 334 1 1 1 1 0 0  0 1
tsan-dom 688 594 175 0 1 0 1 0 0  0 1
tsan-dom 671 79 385 1 1 1 1 0 0  0 1
tsan-dom 593 535 590 1 0 1 0 1 0  1 0
tsan-dom 422 285 892 0 1 0 1 0 0  0 1
tsan-dom 1021 230 23 1 1 1 1 0 0  0 1
tsan-dom 826 306 253 1 1 1 1 0 0  0 1
tsan-dom 241 618 705 1 1 1 1 0 0  0 1
tsan-dom 632 456 201 0 1 0 1 0 0  0 1
tsan-dom 417 139 35 1 1 1 1 0 0  0 1
tsan-dom 171 245 774 1 0 1 0 1 0  1 0
tsan-dom 109 437 751 1 1 1 1 0 0  0 1
tsan-dom 437 620 827 1 1 1 1 0 0  0 1
tsan-dom 34 780 400 0 1 0 1 0 0  0 1
tsan-dom 725 921 451 1 0 1 0 1 0  1 0
tsan-dom 161 265 457 1 1 1 1 0 0  0 1
tsan-dom 780 925 16 0 1 0 1 0 0  0 1
tsan-dom 179 402 362 1 0 1 0 1 0  1 0
tsan-dom 86 799 920 0 1 0 1 0 0  0 1
tsan-dom 819 808 596 1 1 1 1 0 0  0 1
tsan-dom 303 142 752 1 0 1 0 1 0  1 0
tsan-dom 1012 973 328 1 1 1 1 0 0  0 1
tsan-dom 898 296 1011 1 1 1 1 0 0  0 1
tsan-dom 925 335 974 1 0 1 0 1 0  1 0
tsan-dom 1016 646 968 1 1 1 1 0 0  0 1
tsan-dom 339 1 923 1 0 1 0 0 0  0 0
tsan-dom 835 363 507 1 1 1 1 0 0  0 1
tsan-dom 474 872 405 0 1 0 1 0 0  0 1
tsan-dom 314 59 623 0 1 0 1 0 0  0 1
tsan-dom 685 913 66 1 0 1 0 1 0  1 0
tsan-dom 242 740 384 0 1 0 1 0 0  0 1
tsan-dom 780 817 57 0 1 0 1 0 0  0 1
tsan-dom 970 204 808 1 1 1 1 0 0  0 1
tsan-dom 676 713 827 0 1 0 1 0 0  0 1
tsan-dom 845 150 662 1 0 1 0 1 0  1 0
tsan-dom 608 759 889 0 1 0 1 0 0  0 1
tsan-dom 335 379 782 1 0 1 0 1 0  1 0
tsan-dom 819 305 205 1 1 1 1 0 0  0 1
tsan-dom 172 806 510 1 1 1 1 0 0  0 1
tsan-dom 0 531 687 1 1 1 1 0 0  0 1
tsan-dom 382 275 92 0 1 0 1 0 0  0 1
tsan-dom 193 988 839 1 1 1 1 0 0  0 1
tsan-dom 313 562 752 1 1 1 1 0 0  0 1
tsan-dom 813 68 181 1 0 1 0 0 0  0 0
tsan-dom 573 127 315 1 0 1 0 1 0  1 0
tsan-dom 352 725 575 1 1 1 1 0 0  0 1
tsan-dom 198 207 949 0 1 0 1 0 0  0 1
tsan-dom 387 757 621 1 0 1 0 1 0  1 0
tsan-dom 173 0 962 1 1 1 1 0 0  0 1
tsan-dom 763 658 382 1 1 1 1 0 0  0 1
tsan-dom 829 871 1006 1 0 1 0 1 0  1 0
tsan-dom 644 680 984 0 1 0 1 0 0  0 1
tsan-dom 656 914 640 0 1 0 1 0 0  0 1
tsan-dom 739 864 70 1 1 1 1 0 0  0 1
tsan-dom 733 302 640 1 0 1 0 1 0  1 0
tsan-dom 498 446 203 1 1 1 1 0 0  0 1
tsan-dom 732 259 892 0 1 0 1 0 0  0 1
tsan-dom 492 472 403 0 1 0 1 0 0  0 1
tsan-dom 428 426 136 1 1 1 1 0 0  0 1
tsan-dom 909 889 656 1 0 1 0 1 0  1 0
tsan-dom 561 767 803 1 0 1 0 0 0  0 0
tsan-dom 384 742 519 1 1 1 1 0 0  0 1
tsan-dom 703 774 848 1 1 1 1 0 0  0 1
tsan-dom 473 512 65 1 1 1 1 0 0  0 1
tsan-dom 106 294 306 0 1 0 1 0 0  0 1
tsan-dom 879 207 1 1 1 1 1 0 0  0 1
tsan-dom 483 431 270 1 0 1 0 1 0  1 0
tsan-dom 971 553 348 1 1 1 1 0 0  0 1
tsan-dom 571 35 65 1 1 1 1 0 0  0 1
tsan-dom 639 799 423 1 1 1 1 0 0  0 1
tsan-dom 727 913 132 1 1 1 1 0 0  0 1
tsan-dom 587 289 1014 1 1 1 1 0 0  0 1
tsan-dom 259 277 210 1 0 1 0 1 0  1 0
tsan-dom 0 844 528 1 1 1 1 0 0  0 1
tsan-dom 200 10 459 1 1 1 1 0 0  0 1
tsan-dom 767 667 198 1 1 1 1 0 0  0 1
tsan-dom 344 527 376 1 1 1 1 0 0  0 1
tsan-dom 336 37 159 1 1 1 1 0 0  0 1
tsan-dom 865 139 41 1 0 1 0 0 0  0 0
tsan-dom 121 579 330 1 1 1 1 0 0  0 1
tsan-dom 412 880 890 1 1 1 1 0 0  0 1
tsan-dom 169 504 725 1 1 1 1 0 0  0 1
tsan-dom 544 699 56 0 1 0 1 0 0  0 1
tsan-dom 701 540 982 1 0 1 0 1 0  1 0
tsan-dom 114 494 269 0 1 0 1 0 0  0 1
tsan-dom 172 458 591 1 1 1 1 0 0  0 1
tsan-dom 381 989 383 1 1 1 1 0 0  0 1
tsan-dom 67 103 802 1 0 1 0 1 0  1 0
tsan-dom 45 873 209 1 1 1 1 0 0  0 1
tsan-dom 421 795 790 1 1 1 1 0 0  0 1
tsan-dom 659 82 929 1 1 1 1 0 0  0 1
tsan-dom 854 97 1010 1 1 1 1 0 0  0 1
tsan-dom 827 710 36 1 1 1 1 0 0  0 1
tsan-dom 399 877 871 1 0 1 0 0 0  0 0
tsan-dom 777 605 839 1 0 1 0 0 0  0 0
tsan-dom 572 4 438 0 1 0 1 0 0  0 1
tsan-dom 814 678 84 1 1 1 1 0 0  0 1
tsan-dom 748 458 61 0 1 0 1 0 0  0 1
tsan-dom 426 102 124 0 1 0 1 0 0  0 1
tsan-dom 1011 222 26 1 0 1 0 1 0  1 0
tsan-dom 999 514 704 1 0 1 0 1 0  1 0
tsan-dom 881 1001 298 1 0 1 0 1 0  1 0
tsan-dom 886 352 866 1 1 1 1 0 0  0 1
tsan-dom 852 1 408 0 1 0 1 0 0  0 1
tsan-dom 571 663 614 1 1 1 1 0 0  0 1
tsan-dom 685 500 319 1 0 1 0 1 0  1 0
tsan-dom 515 722 251 1 1 1 1 0 0  0 1
tsan-dom 850 525 717 1 1 1 1 0 0  0 1
tsan-dom 833 803 223 1 0 1 0 1 0  1 0
tsan-dom 925 461 83 1 0 1 0 1 0  1 0
tsan-dom 593 449 27 1 0 1 0 1 0  1 0
tsan-dom 825 749 8 1 0 1 0 1 0  1 0
