954 553 319
478 987 711
502 910 683
274 254 433
465 842 37
557 828 563
136 239 538
346 474 718
284 1008 72
661 274 974
363 266 503
649 459 47
384 845 274
426 885 974
965 375 491
726 151 266
704 670 437
706 455 1007
314 169 940
696 360 338
472 436 121
837 903 205
462 715 151
108 233 383
149 8 64
701 694 193
514 320 204
764 735 859
978 516 816
118 126 930
1016 723 208
775 385 895
763 387 379
259 1019 272
600 305 60
536 160 753
554 158 238
981 963 478
698 884 34
312 750 66
700 341 640
961 375 1001
201 0 586
763 861 779
47 716 21
696 281 410
381 229 899
789 543 537
864 927 231
491 679 954
476 286 951
844 561 159
954 3 1
188 458 119
943 378 889
231 909 780
299 1001 479
389 979 528
912 350 806
192 596 675
825 492 407
208 686 766
475 491 164
26 357 639
289 615 100
596 353 817
149 218 963
240 81 948
57 669 7
20 635 461
431 663 118
246 909 774
327 147 355
694 147 326
737 187 261
558 692 217
120 315 842
159 969 458
906 521 160
953 535 330
645 853 129
880 417 294
351 197 35
260 837 634
200 385 1014
231 334 829
910 795 608
797 616 890
11 793 567
884 506 156
163 74 250
435 269 909
870 555 420
847 204 736
374 94 862
653 151 473
109 415 311
594 572 987
230 905 171
399 637 568
872 370 629
897 177 445
592 95 222
383 406 847
509 292 150
583 656 314
5 877 203
534 971 182
791 867 441
816 695 756
201 421 540
595 788 598
850 920 727
778 386 671
339 461 535
238 728 575
454 801 221
777 700 64
760 963 687
983 835 368
127 918 65
100 456 212
989 935 718
366 411 762
768 709 618
469 115 375
499 408 545
367 812 628
139 901 365
233 233 11
446 815 830
493 112 503
862 260 847
488 169 974
420 433 898
753 625 162
573 668 757
828 934 643
201 499 311
598 779 87
799 185 483
155 1008 172
834 307 102
524 854 40
692 198 343
629 553 864
496 5 617
298 233 1013
213 990 98
270 436 841
301 230 373
949 861 255
422 532 285
807 599 9
295 24 111
684 663 668
358 744 476
8 549 207
854 503 698
182 452 488
832 734 7
201 778 46
939 258 173
147 30 313
631 587 23
943 1014 443
698 300 31
617 444 890
178 105 188
353 994 4
457 781 270
54 545 727
71 244 951
312 713 548
379 91 632
499 707 33
420 532 393
70 369 236
422 991 64
159 224 650
827 206 592
253 372 632
189 158 84
407 255 1016
345 149 136
1012 370 340
256 578 371
900 883 766
755 355 797
522 388 427
11 360 697
795 96 657
417 540 448
205 913 97
621 268 453
168 214 36
838 944 665
175 511 889
165 434 464
976 904 362
85 228 614
102 119 624
458 396 735
613 642 781
200 226 841
243 278 945
501 195 448
523 57 973
826 606 415
696 121 557
671 743 999
1017 359 543
1000 787 88
399 339 310
500 691 783
1010 313 684
600 1022 245
893 955 429
970 74 1019
514 635 402
699 170 128
261 482 22
286 122 684
203 203 810
678 890 158
630 794 210
463 20 27
955 404 942
632 179 719
764 740 831
708 580 478
158 838 995
128 749 131
196 517 931
277 430 250
452 282 903
60 703 615
448 417 527
65 714 21
995 124 263
317 305 949
352 246 388
390 11 1006
9 646 434
1004 629 299
372 265 136
8 599 94
305 127 853
612 984 811
722 415 376
1004 423 234
367 932 564
449 316 445
872 860 596
0 141 418
991 349 233
435 1020 716
341 616 588
20 223 93
718 688 891
131 156 504
860 197 804
13 690 168
877 103 797
898 656 946
1000 472 325
901 767 852
80 829 353
339 673 730
739 921 150
330 784 251
745 6 675
948 43 293
832 544 327
819 967 973
284 626 920
211 738 628
904 710 604
460 582 26
129 253 516
336 670 552
679 507 644
785 834 495
513 258 896
802 924 981
227 456 588
794 288 928
935 73 64
239 95 555
1001 230 167
240 194 465
915 22 258
792 559 607
272 955 276
985 236 965
973 34 217
163 66 292
641 358 873
510 445 246
84 614 750
858 891 847
183 203 165
51 416 563
742 727 225
197 240 502
451 392 803
763 558 771
678 779 130
590 349 402
405 610 998
339 705 482
225 1010 594
937 976 520
84 30 128
953 980 815
820 667 413
185 348 351
337 327 889
649 1016 700
123 965 611
62 714 919
527 986 872
662 328 154
50 310 833
579 201 346
888 828 281
390 546 773
849 815 423
156 361 418
984 190 12
763 156 411
815 584 647
468 934 698
348 118 701
62 875 633
912 440 632
2 886 409
193 545 471
709 292 523
175 146 662
171 850 454
15 597 388
172 334 378
768 221 342
417 610 604
923 287 366
705 927 322
515 860 286
666 961 1007
243 579 61
757 440 155
876 470 1005
483 830 764
47 316 464
286 998 341
897 943 26
991 692 83
348 318 473
25 433 530
826 51 256
735 761 786
654 510 859
130 34 129
68 345 257
469 501 337
267 826 569
622 830 335
686 836 385
61 922 10
17 494 530
209 240 124
341 819 998
761 583 354
759 384 12
411 166 285
84 863 975
5 115 591
531 759 839
3 891 167
177 773 850
737 574 236
572 727 170
869 756 499
86 43 507
942 461 234
260 323 389
587 792 933
826 328 508
334 22 866
836 4 528
653 866 893
46 918 972
641 838 427
221 267 521
429 486 500
734 881 278
593 864 675
761 319 420
781 878 954
553 32 869
331 246 440
392 991 81
904 399 299
276 474 625
252 735 586
182 653 800
81 207 436
32 302 953
394 588 90
902 562 480
712 152 530
386 464 394
1000 865 74
272 225 98
70 525 75
83 230 546
166 668 219
129 796 365
885 312 72
988 925 676
30 508 900
861 894 674
987 347 510
473 887 928
963 735 908
1023 963 56
552 880 157
511 864 182
468 634 13
375 255 736
604 115 545
260 27 96
804 755 272
835 384 950
569 830 33
241 707 538
447 240 201
975 436 213
332 587 435
487 331 160
518 351 281
54 1009 408
27 444 103
859 974 637
611 511 800
507 380 359
794 248 443
915 381 894
625 800 893
632 337 780
279 397 953
903 569 511
690 264 873
12 693 61
458 915 786
424 417 801
516 638 490
55 21 583
918 342 762
374 418 827
744 728 399
207 433 660
318 848 937
644 798 4
642 350 414
259 457 293
363 905 29
1019 197 566
825 60 213
152 620 871
730 541 943
390 443 869
835 837 22
108 850 302
446 186 204
166 884 495
971 384 561
1023 650 827
841 927 2
808 360 752
246 81 683
121 683 348
148 787 305
815 526 747
922 92 707
555 155 712
42 324 539
52 128 863
875 511 218
759 234 23
352 314 31
171 208 561
69 821 136
412 83 3
594 572 426
820 395 628
620 943 164
916 1014 536
870 477 74
361 626 33
567 99 467
951 987 899
358 947 889
383 417 459
236 933 463
424 102 921
419 643 608
686 243 177
82 225 683
287 695 605
905 647 57
400 681 122
389 332 160
862 122 618
122 644 609
279 474 994
441 258 450
675 484 481
60 825 666
12 594 409
404 606 590
742 528 551
280 1002 981
710 494 904
951 822 863
163 957 177
984 806 877
793 364 214
88 347 552
624 970 590
707 790 391
578 248 615
712 856 653
393 559 251
381 716 285
592 450 747
339 787 964
816 2 39
12 823 524
265 281 817
774 824 495
613 936 322
802 986 842
578 459 53
662 17 59
412 963 325
527 85 882
518 772 580
826 871 309
75 995 450
652 396 562
753 314 826
114 143 69
1001 332 428
798 838 325
837 668 448
706 737 118
165 286 707
239 277 173
173 597 599
874 398 983
583 992 685
543 49 957
858 1002 263
124 824 511
631 321 780
1016 174 426
324 84 284
82 285 417
609 566 809
437 246 531
781 655 703
688 540 556
196 777 479
403 334 84
540 792 650
360 98 22
633 684 355
354 558 103
618 258 369
737 85 848
661 920 46
369 80 470
460 814 352
955 430 103
301 231 819
819 121 931
397 168 60
429 636 8
58 701 414
227 147 958
863 654 37
686 142 191
827 240 93
578 232 319
317 836 998
886 450 666
455 584 665
938 516 238
634 394 413
698 472 158
488 510 892
875 905 502
236 590 481
489 966 449
714 516 453
498 250 307
185 642 995
513 723 324
934 325 70
142 43 893
33 850 611
521 152 175
601 254 41
788 408 393
237 289 855
221 251 391
409 223 410
835 776 118
845 477 732
193 60 583
862 990 135
232 934 736
568 854 252
474 408 554
202 422 520
408 66 490
954 12 235
181 793 878
952 116 755
736 713 179
856 880 163
674 386 956
208 810 278
597 801 774
867 120 363
216 875 11
213 765 756
1013 725 678
113 537 672
584 48 251
961 992 170
445 630 701
718 825 956
22 307 532
959 257 937
543 734 234
729 773 882
967 241 252
608 218 98
371 991 281
503 461 907
167 5 919
748 950 19
857 1002 742
646 126 208
850 688 843
422 576 139
159 181 794
95 290 823
169 725 1006
615 954 923
67 353 342
102 743 506
877 51 253
621 72 115
238 212 206
491 156 277
33 587 802
31 398 656
238 813 83
444 881 706
728 474 191
590 236 473
331 827 524
952 151 989
739 465 635
806 898 185
814 6 272
263 295 35
1004 638 637
390 835 64
267 853 597
839 716 957
534 284 189
743 453 963
483 715 234
289 335 950
263 483 414
474 168 460
645 16 517
711 264 1007
803 426 436
920 524 598
596 10 778
779 197 422
948 889 756
889 935 704
521 177 185
118 18 337
176 170 822
600 219 235
96 408 234
31 352 349
668 709 109
81 263 493
352 62 565
520 755 428
807 407 889
494 468 382
993 971 210
25 550 304
437 290 42
833 138 248
14 452 429
183 842 939
280 239 53
611 1018 96
1016 591 412
44 769 197
506 378 81
11 899 182
836 109 46
558 813 540
975 628 829
569 585 421
783 231 167
660 930 964
811 744 469
737 365 845
124 652 440
688 637 716
970 44 126
635 32 1016
52 39 759
738 45 453
50 279 251
250 587 730
255 684 949
248 643 821
741 309 220
167 1017 450
865 405 469
419 988 41
557 278 726
508 350 357
881 973 565
724 477 811
956 160 24
277 538 481
442 313 246
919 697 337
292 134 960
77 613 60
145 233 731
1004 897 966
687 21 7
415 866 507
101 513 862
700 22 103
940 944 743
723 253 631
76 737 822
539 331 694
574 637 846
62 992 664
142 559 467
932 682 116
202 722 713
716 973 879
353 782 315
665 260 32
563 241 594
693 293 685
606 611 683
345 850 1004
900 401 619
917 920 418
952 278 285
999 996 695
390 14 671
686 243 785
894 810 721
628 95 669
384 614 549
566 953 431
905 2 881
230 576 126
596 592 324
787 1019 582
878 0 101
638 964 951
976 814 882
766 1022 523
606 853 340
156 361 324
6 298 807
547 902 673
543 895 924
243 976 715
189 332 33
353 373 710
592 829 613
431 165 241
849 23 975
935 141 803
840 91 860
872 503 569
784 31 262
386 3 675
251 763 29
102 449 263
100 206 112
161 472 284
210 596 705
737 61 59
360 259 636
1006 981 782
650 40 138
791 290 57
850 419 820
990 575 439
877 261 261
219 8 746
838 233 529
958 1 954
613 29 514
518 403 848
865 864 144
132 30 620
312 474 250
275 631 64
637 320 570
619 904 170
533 610 958
176 643 324
500 438 44
728 23 98
496 824 18
171 903 706
317 323 645
394 635 60
185 224 176
450 232 372
928 820 819
597 673 111
682 982 800
371 320 377
588 944 383
859 738 454
78 905 5
778 685 797
413 532 269
958 149 802
918 433 188
361 303 72
755 884 234
230 336 802
998 676 999
13 62 58
580 947 942
984 419 370
5 387 449
23 141 279
863 796 263
41 185 466
500 891 570
286 211 82
224 976 348
180 900 810
61 402 302
712 473 927
846 672 988
321 107 345
855 508 945
881 711 573
193 922 752
176 677 733
583 813 544
945 942 911
287 140 753
320 102 565
244 715 71
512 934 553
422 285 892
428 563 85
449 112 334
241 618 705
87 849 454
519 745 630
126 498 330
593 535 590
688 594 175
1021 230 23
826 306 253
671 79 385
632 456 201
417 139 35
171 245 774
34 780 400
109 437 751
780 925 16
437 620 827
179 402 362
819 808 596
161 265 457
1012 973 328
303 142 752
725 921 451
925 335 974
86 799 920
898 296 1011
1016 646 968
835 363 507
474 872 405
242 740 384
780 817 57
685 913 66
314 59 623
339 1 923
845 150 662
970 204 808
172 806 510
0 531 687
608 759 889
335 379 782
819 305 205
676 713 827
382 275 92
193 988 839
313 562 752
573 127 315
352 725 575
198 207 949
813 68 181
387 757 621
644 680 984
656 914 640
739 864 70
763 658 382
733 302 640
173 0 962
829 871 1006
498 446 203
732 259 892
428 426 136
492 472 403
909 889 656
384 742 519
106 294 306
473 512 65
571 35 65
703 774 848
727 913 132
971 553 348
879 207 1
483 431 270
587 289 1014
639 799 423
259 277 210
0 844 528
200 10 459
767 667 198
561 767 803
344 527 376
336 37 159
169 504 725
412 880 890
67 103 802
659 82 929
114 494 269
172 458 591
544 699 56
701 540 982
381 989 383
421 795 790
121 579 330
45 873 209
854 97 1010
827 710 36
572 4 438
865 139 41
814 678 84
999 514 704
426 102 124
886 352 866
777 605 839
685 500 319
399 877 871
881 1001 298
571 663 614
1011 222 26
748 458 61
515 722 251
850 525 717
852 1 408
593 449 27
833 803 223
925 461 83
825 749 8
