tsan 557 828 563 1 0 1 0 0 0  0 0
tsan 363 266 503 1 0 1 0 0 0  0 0
tsan 965 375 491 1 0 1 0 0 0  0 0
tsan 274 254 433 0 1 1 0 1 0  1 0
tsan 954 553 319 1 1 1 1 0 0  0 1
tsan 478 987 711 0 1 1 1 0 0  0 1
tsan 346 474 718 0 1 1 1 0 0  0 1
tsan 136 239 538 1 1 1 1 0 0  0 1
tsan 284 1008 72 1 1 1 1 0 0  0 1
tsan 649 459 47 1 0 1 0 1 0  1 0
tsan 502 910 683 1 1 1 1 0 0  0 1
tsan 465 842 37 1 1 1 1 0 0  0 1
tsan 426 885 974 0 1 1 1 0 0  0 1
tsan 661 274 974 1 0 1 0 1 0  1 0
tsan 726 151 266 1 1 1 1 0 0  0 1
tsan 384 845 274 1 1 1 1 0 0  0 1
tsan 704 670 437 0 1 1 1 0 0  0 1
tsan 706 455 1007 1 1 1 1 0 0  0 1
tsan 701 694 193 1 0 1 0 0 0  0 0
tsan 314 169 940 0 1 1 1 0 0  0 1
tsan 837 903 205 1 0 1 0 0 0  0 0
tsan 472 436 121 1 1 1 1 0 0  0 1
tsan 108 233 383 1 1 1 1 0 0  0 1
tsan 462 715 151 0 1 1 1 0 0  0 1
tsan 149 8 64 1 1 1 1 0 0  0 1
tsan 696 360 338 0 1 1 1 0 0  0 1
tsan 764 735 859 0 1 1 1 0 0  0 1
tsan 118 126 930 0 1 1 0 1 0  1 0
tsan 978 516 816 1 1 1 1 0 0  0 1
tsan 763 387 379 1 1 1 1 0 0  0 1
tsan 1016 723 208 1 1 1 1 0 0  0 1
tsan 514 320 204 1 1 1 1 0 0  0 1
tsan 775 385 895 1 1 1 1 0 0  0 1
tsan 554 158 238 1 1 1 1 0 0  0 1
tsan 259 1019 272 1 0 1 0 1 0  1 0
tsan 536 160 753 0 1 1 1 0 0  0 1
tsan 961 375 1001 1 0 1 0 0 0  0 0
tsan 47 716 21 1 0 1 0 0 0  0 0
tsan 600 305 60 0 1 1 1 0 0  0 1
tsan 381 229 899 1 1 1 1 0 0  0 1
tsan 698 884 34 1 1 1 1 0 0  0 1
tsan 981 963 478 1 0 1 0 1 0  1 0
tsan 312 750 66 1 1 1 1 0 0  0 1
tsan 696 281 410 0 1 1 1 0 0  0 1
tsan 700 341 640 0 1 1 1 0 0  0 1
tsan 201 0 586 1 1 1 1 0 0  0 1
tsan 789 543 537 1 0 1 0 1 0  1 0
tsan 864 927 231 0 1 1 1 0 0  0 1
tsan 763 861 779 1 1 1 1 0 0  0 1
tsan 491 679 954 1 1 1 1 0 0  0 1
tsan 476 286 951 1 1 1 1 0 0  0 1
tsan 844 561 159 0 1 1 1 0 0  0 1
tsan 188 458 119 1 1 1 1 0 0  0 1
tsan 954 3 1 1 1 1 1 0 0  0 1
tsan 943 378 889 1 1 1 1 0 0  0 1
tsan 299 1001 479 1 0 1 0 1 0  1 0
tsan 231 909 780 1 0 1 0 1 0  1 0
tsan 149 218 963 1 1 1 1 0 0  0 1
tsan 289 615 100 1 1 1 1 0 0  0 1
tsan 912 350 806 0 1 1 0 1 0  1 0
tsan 825 492 407 1 0 1 0 1 0  1 0
tsan 389 979 528 1 1 1 1 0 0  0 1
tsan 596 353 817 0 1 1 1 0 0  0 1
tsan 26 357 639 0 1 1 1 0 0  0 1
tsan 208 686 766 1 1 1 1 0 0  0 1
tsan 475 491 164 1 0 1 0 1 0  1 0
tsan 192 596 675 1 1 1 1 0 0  0 1
tsan 20 635 461 1 1 1 1 0 0  0 1
tsan 57 669 7 1 1 1 1 0 0  0 1
tsan 431 663 118 1 0 1 0 1 0  1 0
tsan 240 81 948 1 1 1 1 0 0  0 1
tsan 737 187 261 1 0 1 0 0 0  0 0
tsan 645 853 129 1 0 1 0 0 0  0 0
tsan 11 793 567 1 0 1 0 0 0  0 0
tsan 246 909 774 0 1 1 1 0 0  0 1
tsan 953 535 330 1 0 1 0 1 0  1 0
tsan 159 969 458 1 0 1 0 1 0  1 0
tsan 694 147 326 1 1 1 1 0 0  0 1
tsan 120 315 842 1 1 1 1 0 0  0 1
tsan 327 147 355 1 0 1 0 1 0  1 0
tsan 558 692 217 1 1 1 1 0 0  0 1
tsan 880 417 294 0 1 1 1 0 0  0 1
tsan 351 197 35 1 0 1 0 1 0  1 0
tsan 200 385 1014 1 1 1 1 0 0  0 1
tsan 260 837 634 1 1 1 1 0 0  0 1
tsan 906 521 160 1 1 1 1 0 0  0 1
tsan 231 334 829 1 0 1 0 1 0  1 0
tsan 797 616 890 1 0 1 0 1 0  1 0
tsan 910 795 608 1 1 1 1 0 0  0 1
tsan 653 151 473 1 0 1 0 0 0  0 0
tsan 897 177 445 1 0 1 0 0 0  0 0
tsan 383 406 847 1 0 1 0 0 0  0 0
tsan 884 506 156 0 1 1 1 0 0  0 1
tsan 163 74 250 1 0 1 0 1 0  1 0
tsan 399 637 568 1 0 1 0 1 0  1 0
tsan 847 204 736 1 1 1 1 0 0  0 1
tsan 872 370 629 0 1 1 0 1 0  1 0
tsan 435 269 909 1 0 1 0 1 0  1 0
tsan 109 415 311 1 1 1 1 0 0  0 1
tsan 230 905 171 0 1 1 1 0 0  0 1
tsan 594 572 987 1 1 1 1 0 0  0 1
tsan 870 555 420 1 1 1 1 0 0  0 1
tsan 592 95 222 0 1 1 1 0 0  0 1
tsan 374 94 862 0 1 1 0 1 0  1 0
tsan 509 292 150 1 0 1 0 1 0  1 0
tsan 583 656 314 1 1 1 1 0 0  0 1
tsan 5 877 203 1 1 1 1 0 0  0 1
tsan 339 461 535 1 0 1 0 0 0  0 0
tsan 534 971 182 1 1 1 1 0 0  0 1
tsan 127 918 65 1 0 1 0 0 0  0 0
tsan 791 867 441 1 1 1 1 0 0  0 1
tsan 595 788 598 1 1 1 1 0 0  0 1
tsan 777 700 64 1 0 1 0 1 0  1 0
tsan 778 386 671 1 1 1 1 0 0  0 1
tsan 816 695 756 0 1 1 1 0 0  0 1
tsan 850 920 727 1 1 1 1 0 0  0 1
tsan 983 835 368 1 1 1 1 0 0  0 1
tsan 238 728 575 0 1 1 0 1 0  1 0
tsan 201 421 540 1 1 1 1 0 0  0 1
tsan 454 801 221 0 1 1 1 0 0  0 1
tsan 760 963 687 0 1 1 1 0 0  0 1
tsan 100 456 212 1 1 1 1 0 0  0 1
tsan 366 411 762 0 1 1 1 0 0  0 1
tsan 493 112 503 1 0 1 0 0 0  0 0
tsan 768 709 618 0 1 1 1 0 0  0 1
tsan 989 935 718 1 0 1 0 1 0  1 0
tsan 139 901 365 1 0 1 0 0 0  0 0
tsan 469 115 375 1 1 1 1 0 0  0 1
tsan 499 408 545 1 1 1 1 0 0  0 1
tsan 446 815 830 0 1 1 1 0 0  0 1
tsan 488 169 974 0 1 1 1 0 0  0 1
tsan 573 668 757 1 0 1 0 1 0  1 0
tsan 828 934 643 0 1 1 1 0 0  0 1
tsan 367 812 628 1 0 1 0 1 0  1 0
tsan 233 233 11 1 1 1 1 0 0  0 1
tsan 862 260 847 1 1 1 1 0 0  0 1
tsan 753 625 162 1 0 1 0 1 0  1 0
tsan 420 433 898 1 1 1 1 0 0  0 1
tsan 834 307 102 1 1 1 1 0 0  0 1
tsan 598 779 87 1 1 1 1 0 0  0 1
tsan 155 1008 172 1 0 1 0 1 0  1 0
tsan 201 499 311 1 1 1 1 0 0  0 1
tsan 799 185 483 1 1 1 1 0 0  0 1
tsan 524 854 40 0 1 1 1 0 0  0 1
tsan 692 198 343 0 1 1 0 1 0  1 0
tsan 182 452 488 0 1 1 0 0 0  0 0
tsan 949 861 255 1 0 1 0 1 0  1 0
tsan 496 5 617 0 1 1 1 0 0  0 1
tsan 298 233 1013 0 1 1 1 0 0  0 1
tsan 270 436 841 0 1 1 0 1 0  1 0
tsan 807 599 9 1 1 1 1 0 0  0 1
tsan 301 230 373 1 1 1 1 0 0  0 1
tsan 295 24 111 1 0 1 0 1 0  1 0
tsan 684 663 668 0 1 1 1 0 0  0 1
tsan 422 532 285 0 1 1 0 1 0  1 0
tsan 629 553 864 1 0 1 0 1 0  1 0
tsan 213 990 98 1 1 1 1 0 0  0 1
tsan 358 744 476 0 1 1 0 1 0  1 0
tsan 8 549 207 1 1 1 1 0 0  0 1
tsan 854 503 698 1 1 1 1 0 0  0 1
tsan 71 244 951 1 0 1 0 0 0  0 0
tsan 832 734 7 0 1 1 1 0 0  0 1
tsan 147 30 313 1 0 1 0 0 0  0 0
tsan 201 778 46 1 1 1 1 0 0  0 1
tsan 353 994 4 1 1 1 1 0 0  0 1
tsan 939 258 173 1 1 1 1 0 0  0 1
tsan 312 713 548 1 1 1 1 0 0  0 1
tsan 617 444 890 1 0 1 0 1 0  1 0
tsan 631 587 23 1 1 1 1 0 0  0 1
tsan 178 105 188 0 1 1 1 0 0  0 1
tsan 499 707 33 1 1 1 1 0 0  0 1
tsan 943 1014 443 1 1 1 1 0 0  0 1
tsan 54 545 727 0 1 1 1 0 0  0 1
tsan 698 300 31 1 1 1 1 0 0  0 1
tsan 457 781 270 1 1 1 1 0 0  0 1
tsan 379 91 632 1 0 1 0 1 0  1 0
tsan 70 369 236 0 1 1 1 0 0  0 1
tsan 420 532 393 1 1 1 1 0 0  0 1
tsan 159 224 650 1 0 1 0 1 0  1 0
tsan 422 991 64 0 1 1 1 0 0  0 1
tsan 621 268 453 1 0 1 0 0 0  0 0
tsan 253 372 632 1 1 1 1 0 0  0 1
tsan 1012 370 340 1 1 1 1 0 0  0 1
tsan 827 206 592 1 1 1 1 0 0  0 1
tsan 345 149 136 1 1 1 1 0 0  0 1
tsan 900 883 766 0 1 1 1 0 0  0 1
tsan 755 355 797 1 1 1 1 0 0  0 1
tsan 522 388 427 1 1 1 1 0 0  0 1
tsan 256 578 371 1 1 1 1 0 0  0 1
tsan 11 360 697 1 0 1 0 1 0  1 0
tsan 407 255 1016 1 0 1 0 1 0  1 0
tsan 189 158 84 1 1 1 1 0 0  0 1
tsan 795 96 657 1 1 1 1 0 0  0 1
tsan 417 540 448 1 1 1 1 0 0  0 1
tsan 205 913 97 1 1 1 1 0 0  0 1
tsan 168 214 36 1 1 1 1 0 0  0 1
tsan 976 904 362 0 1 1 0 0 0  0 0
tsan 838 944 665 1 1 1 1 0 0  0 1
tsan 826 606 415 1 1 1 1 0 0  0 1
tsan 165 434 464 1 1 1 1 0 0  0 1
tsan 501 195 448 1 0 1 0 1 0  1 0
tsan 175 511 889 1 0 1 0 1 0  1 0
tsan 458 396 735 0 1 1 1 0 0  0 1
tsan 85 228 614 1 1 1 1 0 0  0 1
tsan 200 226 841 1 1 1 1 0 0  0 1
tsan 102 119 624 0 1 1 1 0 0  0 1
tsan 613 642 781 1 0 1 0 1 0  1 0
tsan 243 278 945 1 0 1 0 1 0  1 0
tsan 671 743 999 1 1 1 1 0 0  0 1
tsan 523 57 973 1 1 1 1 0 0  0 1
tsan 1017 359 543 1 1 1 1 0 0  0 1
tsan 696 121 557 0 1 1 1 0 0  0 1
tsan 1000 787 88 1 1 1 1 0 0  0 1
tsan 893 955 429 1 0 1 0 0 0  0 0
tsan 286 122 684 0 1 1 0 0 0  0 0
tsan 399 339 310 1 0 1 0 1 0  1 0
tsan 708 580 478 0 1 1 0 0 0  0 0
tsan 1010 313 684 0 1 1 1 0 0  0 1
tsan 600 1022 245 0 1 1 0 1 0  1 0
tsan 500 691 783 0 1 1 1 0 0  0 1
tsan 261 482 22 1 1 1 1 0 0  0 1
tsan 699 170 128 1 1 1 1 0 0  0 1
tsan 203 203 810 1 0 1 0 1 0  1 0
tsan 970 74 1019 1 1 1 1 0 0  0 1
tsan 678 890 158 1 1 1 1 0 0  0 1
tsan 630 794 210 1 1 1 1 0 0  0 1
tsan 463 20 27 1 0 1 0 1 0  1 0
tsan 514 635 402 1 1 1 1 0 0  0 1
tsan 955 404 942 1 1 1 1 0 0  0 1
tsan 632 179 719 0 1 1 1 0 0  0 1
tsan 764 740 831 0 1 1 0 1 0  1 0
tsan 158 838 995 0 1 1 1 0 0  0 1
tsan 128 749 131 1 1 1 1 0 0  0 1
tsan 452 282 903 1 1 1 1 0 0  0 1
tsan 60 703 615 1 1 1 1 0 0  0 1
tsan 317 305 949 1 1 1 1 0 0  0 1
tsan 196 517 931 1 1 1 1 0 0  0 1
tsan 65 714 21 1 1 1 1 0 0  0 1
tsan 277 430 250 1 1 1 1 0 0  0 1
tsan 995 124 263 1 1 1 1 0 0  0 1
tsan 352 246 388 1 1 1 1 0 0  0 1
tsan 390 11 1006 0 1 1 1 0 0  0 1
tsan 9 646 434 1 1 1 1 0 0  0 1
tsan 448 417 527 1 1 1 1 0 0  0 1
tsan 1004 629 299 1 1 1 1 0 0  0 1
tsan 372 265 136 1 1 1 1 0 0  0 1
tsan 8 599 94 1 1 1 1 0 0  0 1
tsan 305 127 853 1 1 1 1 0 0  0 1
tsan 872 860 596 0 1 1 0 0 0  0 0
tsan 612 984 811 0 1 1 1 0 0  0 1
tsan 1004 423 234 1 1 1 1 0 0  0 1
tsan 367 932 564 1 0 1 0 1 0  1 0
tsan 131 156 504 1 0 1 0 1 0  1 0
tsan 20 223 93 1 1 1 1 0 0  0 1
tsan 449 316 445 1 1 1 1 0 0  0 1
tsan 435 1020 716 1 0 1 0 1 0  1 0
tsan 991 349 233 1 1 1 1 0 0  0 1
tsan 0 141 418 1 1 1 1 0 0  0 1
tsan 722 415 376 1 1 1 1 0 0  0 1
tsan 341 616 588 1 1 1 1 0 0  0 1
tsan 718 688 891 1 1 1 1 0 0  0 1
tsan 860 197 804 0 1 1 1 0 0  0 1
tsan 13 690 168 1 1 1 1 0 0  0 1
tsan 877 103 797 1 0 1 0 1 0  1 0
tsan 898 656 946 1 1 1 1 0 0  0 1
tsan 745 6 675 1 0 1 0 0 0  0 0
tsan 1000 472 325 1 1 1 1 0 0  0 1
tsan 785 834 495 1 0 1 0 0 0  0 0
tsan 284 626 920 1 1 1 1 0 0  0 1
tsan 739 921 150 1 1 1 1 0 0  0 1
tsan 460 582 26 1 1 1 1 0 0  0 1
tsan 948 43 293 0 1 1 1 0 0  0 1
tsan 339 673 730 1 0 1 0 1 0  1 0
tsan 819 967 973 1 1 1 1 0 0  0 1
tsan 330 784 251 0 1 1 0 1 0  1 0
tsan 901 767 852 1 0 1 0 1 0  1 0
tsan 904 710 604 0 1 1 1 0 0  0 1
tsan 211 738 628 1 0 1 0 1 0  1 0
tsan 80 829 353 1 1 1 1 0 0  0 1
tsan 832 544 327 0 1 1 0 1 0  1 0
tsan 129 253 516 1 1 1 1 0 0  0 1
tsan 336 670 552 1 1 1 1 0 0  0 1
tsan 239 95 555 1 0 1 0 0 0  0 0
tsan 679 507 644 1 1 1 1 0 0  0 1
tsan 973 34 217 1 0 1 0 0 0  0 0
tsan 513 258 896 1 0 1 0 1 0  1 0
tsan 183 203 165 1 0 1 0 0 0  0 0
tsan 51 416 563 1 0 1 0 0 0  0 0
tsan 1001 230 167 1 1 1 1 0 0  0 1
tsan 227 456 588 1 0 1 0 1 0  1 0
tsan 802 924 981 1 1 1 1 0 0  0 1
tsan 792 559 607 0 1 1 1 0 0  0 1
tsan 935 73 64 1 1 1 1 0 0  0 1
tsan 985 236 965 1 0 1 0 1 0  1 0
tsan 272 955 276 1 1 1 1 0 0  0 1
tsan 163 66 292 1 0 1 0 1 0  1 0
tsan 794 288 928 1 1 1 1 0 0  0 1
tsan 915 22 258 1 1 1 1 0 0  0 1
tsan 240 194 465 1 1 1 1 0 0  0 1
tsan 641 358 873 1 0 1 0 1 0  1 0
tsan 510 445 246 1 1 1 1 0 0  0 1
tsan 84 614 750 1 1 1 1 0 0  0 1
tsan 858 891 847 1 1 1 1 0 0  0 1
tsan 451 392 803 1 0 1 0 0 0  0 0
tsan 953 980 815 1 0 1 0 0 0  0 0
tsan 123 965 611 1 0 1 0 0 0  0 0
tsan 742 727 225 1 1 1 1 0 0  0 1
tsan 763 558 771 1 1 1 1 0 0  0 1
tsan 405 610 998 1 1 1 1 0 0  0 1
tsan 678 779 130 1 1 1 1 0 0  0 1
tsan 225 1010 594 1 1 1 1 0 0  0 1
tsan 197 240 502 1 1 1 1 0 0  0 1
tsan 339 705 482 1 0 1 0 1 0  1 0
tsan 84 30 128 1 1 1 1 0 0  0 1
tsan 590 349 402 1 1 1 1 0 0  0 1
tsan 937 976 520 1 0 1 0 1 0  1 0
tsan 820 667 413 0 1 1 1 0 0  0 1
tsan 185 348 351 1 1 1 1 0 0  0 1
tsan 337 327 889 1 1 1 1 0 0  0 1
tsan 62 714 919 0 1 1 1 0 0  0 1
tsan 649 1016 700 1 0 1 0 1 0  1 0
tsan 912 440 632 0 1 1 0 0 0  0 0
tsan 527 986 872 1 1 1 1 0 0  0 1
tsan 709 292 523 1 0 1 0 0 0  0 0
tsan 662 328 154 1 1 1 1 0 0  0 1
tsan 888 828 281 0 1 1 0 1 0  1 0
tsan 156 361 418 1 1 1 1 0 0  0 1
tsan 763 156 411 1 1 1 1 0 0  0 1
tsan 579 201 346 1 1 1 1 0 0  0 1
tsan 50 310 833 0 1 1 0 1 0  1 0
tsan 849 815 423 1 0 1 0 1 0  1 0
tsan 390 546 773 0 1 1 1 0 0  0 1
tsan 984 190 12 0 1 1 0 1 0  1 0
tsan 468 934 698 1 1 1 1 0 0  0 1
tsan 348 118 701 1 1 1 1 0 0  0 1
tsan 815 584 647 1 1 1 1 0 0  0 1
tsan 62 875 633 0 1 1 1 0 0  0 1
tsan 2 886 409 0 1 1 1 0 0  0 1
tsan 243 579 61 1 0 1 0 0 0  0 0
tsan 193 545 471 1 1 1 1 0 0  0 1
tsan 175 146 662 1 0 1 0 1 0  1 0
tsan 171 850 454 1 0 1 0 1 0  1 0
tsan 15 597 388 1 0 1 0 1 0  1 0
tsan 666 961 1007 1 1 1 1 0 0  0 1
tsan 172 334 378 1 1 1 1 0 0  0 1
tsan 876 470 1005 0 1 1 1 0 0  0 1
tsan 923 287 366 1 1 1 1 0 0  0 1
tsan 705 927 322 1 0 1 0 1 0  1 0
tsan 757 440 155 1 0 1 0 1 0  1 0
tsan 483 830 764 1 0 1 0 1 0  1 0
tsan 417 610 604 1 1 1 1 0 0  0 1
tsan 768 221 342 0 1 1 1 0 0  0 1
tsan 515 860 286 1 1 1 1 0 0  0 1
tsan 47 316 464 1 0 1 0 1 0  1 0
tsan 286 998 341 0 1 1 0 1 0  1 0
tsan 897 943 26 1 0 1 0 1 0  1 0
tsan 348 318 473 1 1 1 1 0 0  0 1
tsan 991 692 83 1 1 1 1 0 0  0 1
tsan 25 433 530 1 1 1 1 0 0  0 1
tsan 826 51 256 1 1 1 1 0 0  0 1
tsan 68 345 257 1 1 1 1 0 0  0 1
tsan 469 501 337 1 1 1 1 0 0  0 1
tsan 735 761 786 1 1 1 1 0 0  0 1
tsan 61 922 10 1 1 1 1 0 0  0 1
tsan 654 510 859 1 1 1 1 0 0  0 1
tsan 130 34 129 0 1 1 0 1 0  1 0
tsan 622 830 335 1 1 1 1 0 0  0 1
tsan 267 826 569 1 0 1 0 1 0  1 0
tsan 686 836 385 1 1 1 1 0 0  0 1
tsan 411 166 285 1 0 1 0 0 0  0 0
tsan 209 240 124 1 1 1 1 0 0  0 1
tsan 869 756 499 1 0 1 0 0 0  0 0
tsan 17 494 530 1 1 1 1 0 0  0 1
tsan 341 819 998 1 1 1 1 0 0  0 1
tsan 761 583 354 1 0 1 0 1 0  1 0
tsan 759 384 12 1 1 1 1 0 0  0 1
tsan 531 759 839 1 1 1 1 0 0  0 1
tsan 84 863 975 1 1 1 1 0 0  0 1
tsan 5 115 591 1 1 1 1 0 0  0 1
tsan 177 773 850 1 1 1 1 0 0  0 1
tsan 572 727 170 0 1 1 1 0 0  0 1
tsan 3 891 167 1 0 1 0 1 0  1 0
tsan 737 574 236 1 0 1 0 1 0  1 0
tsan 86 43 507 0 1 1 1 0 0  0 1
tsan 942 461 234 1 1 1 1 0 0  0 1
tsan 260 323 389 1 1 1 1 0 0  0 1
tsan 826 328 508 1 1 1 1 0 0  0 1
tsan 587 792 933 1 1 1 1 0 0  0 1
tsan 334 22 866 0 1 1 0 1 0  1 0
tsan 593 864 675 1 0 1 0 0 0  0 0
tsan 836 4 528 0 1 1 1 0 0  0 1
tsan 653 866 893 1 0 1 0 1 0  1 0
tsan 46 918 972 0 1 1 1 0 0  0 1
tsan 394 588 90 0 1 1 0 0 0  0 0
tsan 429 486 500 1 1 1 1 0 0  0 1
tsan 641 838 427 1 0 1 0 1 0  1 0
tsan 761 319 420 1 0 1 0 1 0  1 0
tsan 734 881 278 1 1 1 1 0 0  0 1
tsan 781 878 954 1 0 1 0 1 0  1 0
tsan 331 246 440 1 0 1 0 1 0  1 0
tsan 553 32 869 1 0 1 0 1 0  1 0
tsan 221 267 521 1 1 1 1 0 0  0 1
tsan 904 399 299 0 1 1 1 0 0  0 1
tsan 276 474 625 1 1 1 1 0 0  0 1
tsan 392 991 81 1 1 1 1 0 0  0 1
tsan 252 735 586 1 1 1 1 0 0  0 1
tsan 182 653 800 0 1 1 1 0 0  0 1
tsan 386 464 394 0 1 1 0 0 0  0 0
tsan 30 508 900 0 1 1 0 0 0  0 0
tsan 81 207 436 1 1 1 1 0 0  0 1
tsan 32 302 953 1 1 1 1 0 0  0 1
tsan 902 562 480 1 1 1 1 0 0  0 1
tsan 70 525 75 0 1 1 1 0 0  0 1
tsan 129 796 365 1 1 1 1 0 0  0 1
tsan 712 152 530 0 1 1 1 0 0  0 1
tsan 272 225 98 1 1 1 1 0 0  0 1
tsan 83 230 546 1 0 1 0 1 0  1 0
tsan 166 668 219 0 1 1 0 1 0  1 0
tsan 885 312 72 1 0 1 0 1 0  1 0
tsan 1000 865 74 1 1 1 1 0 0  0 1
tsan 988 925 676 0 1 1 1 0 0  0 1
tsan 861 894 674 1 0 1 0 1 0  1 0
tsan 987 347 510 1 1 1 1 0 0  0 1
tsan 473 887 928 1 1 1 1 0 0  0 1
tsan 963 735 908 1 1 1 1 0 0  0 1
tsan 1023 963 56 1 0 1 0 1 0  1 0
tsan 447 240 201 1 0 1 0 0 0  0 0
tsan 569 830 33 1 0 1 0 0 0  0 0
tsan 552 880 157 0 1 1 0 1 0  1 0
tsan 511 864 182 1 1 1 1 0 0  0 1
tsan 241 707 538 1 1 1 1 0 0  0 1
tsan 804 755 272 0 1 1 1 0 0  0 1
tsan 375 255 736 1 0 1 0 1 0  1 0
tsan 468 634 13 1 1 1 1 0 0  0 1
tsan 835 384 950 1 1 1 1 0 0  0 1
tsan 975 436 213 1 1 1 1 0 0  0 1
tsan 604 115 545 0 1 1 1 0 0  0 1
tsan 260 27 96 1 1 1 1 0 0  0 1
tsan 332 587 435 1 1 1 1 0 0  0 1
tsan 518 351 281 1 1 1 1 0 0  0 1
tsan 54 1009 408 0 1 1 1 0 0  0 1
tsan 859 974 637 1 1 1 1 0 0  0 1
tsan 27 444 103 1 0 1 0 1 0  1 0
tsan 487 331 160 1 1 1 1 0 0  0 1
tsan 55 21 583 1 0 1 0 0 0  0 0
tsan 611 511 800 1 1 1 1 0 0  0 1
tsan 507 380 359 1 1 1 1 0 0  0 1
tsan 915 381 894 1 1 1 1 0 0  0 1
tsan 903 569 511 1 1 1 1 0 0  0 1
tsan 279 397 953 1 0 1 0 1 0  1 0
tsan 632 337 780 0 1 1 1 0 0  0 1
tsan 794 248 443 1 1 1 1 0 0  0 1
tsan 458 915 786 0 1 1 1 0 0  0 1
tsan 12 693 61 1 1 1 1 0 0  0 1
tsan 625 800 893 1 0 1 0 1 0  1 0
tsan 690 264 873 1 1 1 1 0 0  0 1
tsan 424 417 801 1 1 1 1 0 0  0 1
tsan 516 638 490 0 1 1 1 0 0  0 1
tsan 374 418 827 0 1 1 0 1 0  1 0
tsan 918 342 762 1 1 1 1 0 0  0 1
tsan 363 905 29 1 0 1 0 0 0  0 0
tsan 259 457 293 1 0 1 0 0 0  0 0
tsan 825 60 213 1 0 1 0 0 0  0 0
tsan 744 728 399 0 1 1 0 1 0  1 0
tsan 1023 650 827 1 0 1 0 0 0  0 0
tsan 207 433 660 1 0 1 0 1 0  1 0
tsan 318 848 937 0 1 1 0 1 0  1 0
tsan 642 350 414 1 1 1 1 0 0  0 1
tsan 390 443 869 0 1 1 1 0 0  0 1
tsan 1019 197 566 1 0 1 0 1 0  1 0
tsan 644 798 4 0 1 1 1 0 0  0 1
tsan 730 541 943 1 1 1 1 0 0  0 1
tsan 152 620 871 1 1 1 1 0 0  0 1
tsan 835 837 22 1 1 1 1 0 0  0 1
tsan 166 884 495 0 1 1 0 1 0  1 0
tsan 446 186 204 0 1 1 0 1 0  1 0
tsan 108 850 302 1 1 1 1 0 0  0 1
tsan 841 927 2 1 0 1 0 1 0  1 0
tsan 971 384 561 1 1 1 1 0 0  0 1
tsan 808 360 752 0 1 1 1 0 0  0 1
tsan 246 81 683 0 1 1 1 0 0  0 1
tsan 121 683 348 1 1 1 1 0 0  0 1
tsan 148 787 305 1 1 1 1 0 0  0 1
tsan 916 1014 536 0 1 1 0 0 0  0 0
tsan 922 92 707 1 1 1 1 0 0  0 1
tsan 52 128 863 1 1 1 1 0 0  0 1
tsan 875 511 218 1 1 1 1 0 0  0 1
tsan 42 324 539 0 1 1 1 0 0  0 1
tsan 555 155 712 1 1 1 1 0 0  0 1
tsan 815 526 747 1 1 1 1 0 0  0 1
tsan 171 208 561 1 0 1 0 1 0  1 0
tsan 352 314 31 1 1 1 1 0 0  0 1
tsan 759 234 23 1 1 1 1 0 0  0 1
tsan 412 83 3 1 1 1 1 0 0  0 1
tsan 69 821 136 1 1 1 1 0 0  0 1
tsan 594 572 426 1 1 1 1 0 0  0 1
tsan 905 647 57 1 0 1 0 0 0  0 0
tsan 820 395 628 0 1 1 1 0 0  0 1
tsan 620 943 164 0 1 1 1 0 0  0 1
tsan 361 626 33 1 1 1 1 0 0  0 1
tsan 870 477 74 1 1 1 1 0 0  0 1
tsan 567 99 467 1 1 1 1 0 0  0 1
tsan 236 933 463 1 1 1 1 0 0  0 1
tsan 383 417 459 1 0 1 0 1 0  1 0
tsan 951 987 899 1 1 1 1 0 0  0 1
tsan 419 643 608 1 0 1 0 1 0  1 0
tsan 82 225 683 0 1 1 1 0 0  0 1
tsan 358 947 889 0 1 1 1 0 0  0 1
tsan 686 243 177 1 1 1 1 0 0  0 1
tsan 424 102 921 1 1 1 1 0 0  0 1
tsan 287 695 605 1 0 1 0 1 0  1 0
tsan 400 681 122 1 1 1 1 0 0  0 1
tsan 163 957 177 1 0 1 0 0 0  0 0
tsan 389 332 160 1 1 1 1 0 0  0 1
tsan 862 122 618 1 1 1 1 0 0  0 1
tsan 122 644 609 0 1 1 0 1 0  1 0
tsan 441 258 450 1 1 1 1 0 0  0 1
tsan 279 474 994 1 0 1 0 1 0  1 0
tsan 404 606 590 1 1 1 1 0 0  0 1
tsan 675 484 481 1 1 1 1 0 0  0 1
tsan 12 594 409 1 1 1 1 0 0  0 1
tsan 60 825 666 1 1 1 1 0 0  0 1
tsan 984 806 877 0 1 1 1 0 0  0 1
tsan 742 528 551 1 1 1 1 0 0  0 1
tsan 710 494 904 1 1 1 1 0 0  0 1
tsan 951 822 863 1 1 1 1 0 0  0 1
tsan 280 1002 981 1 1 1 1 0 0  0 1
tsan 793 364 214 1 0 1 0 1 0  1 0
tsan 88 347 552 1 1 1 1 0 0  0 1
tsan 707 790 391 1 1 1 1 0 0  0 1
tsan 578 248 615 1 1 1 1 0 0  0 1
tsan 624 970 590 0 1 1 0 1 0  1 0
tsan 393 559 251 1 1 1 1 0 0  0 1
tsan 712 856 653 0 1 1 0 1 0  1 0
tsan 592 450 747 0 1 1 1 0 0  0 1
tsan 12 823 524 1 1 1 1 0 0  0 1
tsan 802 986 842 1 1 1 1 0 0  0 1
tsan 381 716 285 1 1 1 1 0 0  0 1
tsan 613 936 322 1 0 1 0 1 0  1 0
tsan 774 824 495 1 1 1 1 0 0  0 1
tsan 816 2 39 0 1 1 0 1 0  1 0
tsan 265 281 817 1 1 1 1 0 0  0 1
tsan 339 787 964 1 0 1 0 1 0  1 0
tsan 578 459 53 1 1 1 1 0 0  0 1
tsan 662 17 59 1 1 1 1 0 0  0 1
tsan 239 277 173 1 0 1 0 0 0  0 0
tsan 412 963 325 1 1 1 1 0 0  0 1
tsan 527 85 882 1 1 1 1 0 0  0 1
tsan 518 772 580 1 1 1 1 0 0  0 1
tsan 826 871 309 1 1 1 1 0 0  0 1
tsan 75 995 450 1 0 1 0 1 0  1 0
tsan 706 737 118 1 1 1 1 0 0  0 1
tsan 652 396 562 0 1 1 1 0 0  0 1
tsan 114 143 69 0 1 1 1 0 0  0 1
tsan 837 668 448 1 0 1 0 1 0  1 0
tsan 1001 332 428 1 1 1 1 0 0  0 1
tsan 798 838 325 1 1 1 1 0 0  0 1
tsan 753 314 826 1 0 1 0 1 0  1 0
tsan 173 597 599 1 1 1 1 0 0  0 1
tsan 165 286 707 1 1 1 1 0 0  0 1
tsan 583 992 685 1 1 1 1 0 0  0 1
tsan 874 398 983 1 1 1 1 0 0  0 1
tsan 543 49 957 1 1 1 1 0 0  0 1
tsan 781 655 703 1 0 1 0 0 0  0 0
tsan 688 540 556 0 1 1 0 0 0  0 0
tsan 858 1002 263 1 1 1 1 0 0  0 1
tsan 124 824 511 1 1 1 1 0 0  0 1
tsan 1016 174 426 1 1 1 1 0 0  0 1
tsan 631 321 780 1 1 1 1 0 0  0 1
tsan 324 84 284 1 1 1 1 0 0  0 1
tsan 196 777 479 1 1 1 1 0 0  0 1
tsan 403 334 84 1 0 1 0 1 0  1 0
tsan 437 246 531 1 1 1 1 0 0  0 1
tsan 82 285 417 0 1 1 1 0 0  0 1
tsan 540 792 650 0 1 1 0 1 0  1 0
tsan 609 566 809 1 0 1 0 1 0  1 0
tsan 360 98 22 1 1 1 1 0 0  0 1
tsan 633 684 355 1 0 1 0 1 0  1 0
tsan 354 558 103 0 1 1 1 0 0  0 1
tsan 618 258 369 1 1 1 1 0 0  0 1
tsan 737 85 848 1 0 1 0 1 0  1 0
tsan 661 920 46 1 0 1 0 1 0  1 0
tsan 369 80 470 1 1 1 1 0 0  0 1
tsan 460 814 352 1 1 1 1 0 0  0 1
tsan 955 430 103 1 1 1 1 0 0  0 1
tsan 301 231 819 1 1 1 1 0 0  0 1
tsan 819 121 931 1 1 1 1 0 0  0 1
tsan 863 654 37 1 1 1 1 0 0  0 1
tsan 227 147 958 1 0 1 0 1 0  1 0
tsan 429 636 8 1 1 1 1 0 0  0 1
tsan 397 168 60 1 1 1 1 0 0  0 1
tsan 58 701 414 0 1 1 1 0 0  0 1
tsan 686 142 191 1 1 1 1 0 0  0 1
tsan 827 240 93 1 1 1 1 0 0  0 1
tsan 578 232 319 1 1 1 1 0 0  0 1
tsan 886 450 666 1 1 1 1 0 0  0 1
tsan 489 966 449 1 0 1 0 0 0  0 0
tsan 455 584 665 1 0 1 0 1 0  1 0
tsan 317 836 998 1 1 1 1 0 0  0 1
tsan 938 516 238 1 1 1 1 0 0  0 1
tsan 601 254 41 1 0 1 0 0 0  0 0
tsan 634 394 413 1 1 1 1 0 0  0 1
tsan 698 472 158 1 1 1 1 0 0  0 1
tsan 488 510 892 0 1 1 1 0 0  0 1
tsan 236 590 481 1 1 1 1 0 0  0 1
tsan 875 905 502 1 1 1 1 0 0  0 1
tsan 498 250 307 1 1 1 1 0 0  0 1
tsan 714 516 453 1 1 1 1 0 0  0 1
tsan 185 642 995 1 1 1 1 0 0  0 1
tsan 513 723 324 1 0 1 0 1 0  1 0
tsan 934 325 70 1 1 1 1 0 0  0 1
tsan 142 43 893 0 1 1 1 0 0  0 1
tsan 33 850 611 1 1 1 1 0 0  0 1
tsan 521 152 175 1 0 1 0 1 0  1 0
tsan 788 408 393 0 1 1 1 0 0  0 1
tsan 202 422 520 0 1 1 0 0 0  0 0
tsan 237 289 855 1 1 1 1 0 0  0 1
tsan 221 251 391 1 1 1 1 0 0  0 1
tsan 409 223 410 1 1 1 1 0 0  0 1
tsan 835 776 118 1 1 1 1 0 0  0 1
tsan 845 477 732 1 0 1 0 1 0  1 0
tsan 193 60 583 1 1 1 1 0 0  0 1
tsan 474 408 554 0 1 1 1 0 0  0 1
tsan 862 990 135 1 1 1 1 0 0  0 1
tsan 408 66 490 1 1 1 1 0 0  0 1
tsan 232 934 736 1 1 1 1 0 0  0 1
tsan 568 854 252 0 1 1 1 0 0  0 1
tsan 954 12 235 1 1 1 1 0 0  0 1
tsan 181 793 878 1 1 1 1 0 0  0 1
tsan 952 116 755 0 1 1 1 0 0  0 1
tsan 736 713 179 0 1 1 1 0 0  0 1
tsan 856 880 163 0 1 1 0 1 0  1 0
tsan 674 386 956 1 1 1 1 0 0  0 1
tsan 208 810 278 1 1 1 1 0 0  0 1
tsan 608 218 98 0 1 1 0 0 0  0 0
tsan 371 991 281 1 0 1 0 0 0  0 0
tsan 597 801 774 1 0 1 0 1 0  1 0
tsan 867 120 363 1 1 1 1 0 0  0 1
tsan 167 5 919 1 0 1 0 0 0  0 0
tsan 213 765 756 1 1 1 1 0 0  0 1
tsan 445 630 701 1 1 1 1 0 0  0 1
tsan 113 537 672 1 1 1 1 0 0  0 1
tsan 961 992 170 1 0 1 0 1 0  1 0
tsan 584 48 251 0 1 1 1 0 0  0 1
tsan 216 875 11 1 1 1 1 0 0  0 1
tsan 718 825 956 1 1 1 1 0 0  0 1
tsan 1013 725 678 1 1 1 1 0 0  0 1
tsan 959 257 937 1 1 1 1 0 0  0 1
tsan 22 307 532 0 1 1 1 0 0  0 1
tsan 543 734 234 1 1 1 1 0 0  0 1
tsan 967 241 252 1 1 1 1 0 0  0 1
tsan 729 773 882 1 0 1 0 1 0  1 0
tsan 95 290 823 1 0 1 0 0 0  0 0
tsan 877 51 253 1 0 1 0 0 0  0 0
tsan 503 461 907 1 1 1 1 0 0  0 1
tsan 748 950 19 0 1 1 0 1 0  1 0
tsan 857 1002 742 1 0 1 0 1 0  1 0
tsan 646 126 208 1 1 1 1 0 0  0 1
tsan 169 725 1006 1 1 1 1 0 0  0 1
tsan 615 954 923 1 1 1 1 0 0  0 1
tsan 159 181 794 1 0 1 0 1 0  1 0
tsan 422 576 139 0 1 1 0 1 0  1 0
tsan 850 688 843 1 1 1 1 0 0  0 1
tsan 102 743 506 0 1 1 1 0 0  0 1
tsan 621 72 115 1 0 1 0 1 0  1 0
tsan 67 353 342 1 0 1 0 1 0  1 0
tsan 491 156 277 1 1 1 1 0 0  0 1
tsan 238 212 206 0 1 1 1 0 0  0 1
tsan 33 587 802 1 1 1 1 0 0  0 1
tsan 31 398 656 1 0 1 0 1 0  1 0
tsan 238 813 83 0 1 1 1 0 0  0 1
tsan 444 881 706 1 1 1 1 0 0  0 1
tsan 728 474 191 0 1 1 1 0 0  0 1
tsan 331 827 524 1 0 1 0 1 0  1 0
tsan 806 898 185 1 1 1 1 0 0  0 1
tsan 590 236 473 1 1 1 1 0 0  0 1
tsan 952 151 989 0 1 1 1 0 0  0 1
tsan 390 835 64 0 1 1 1 0 0  0 1
tsan 739 465 635 1 1 1 1 0 0  0 1
tsan 1004 638 637 1 1 1 1 0 0  0 1
tsan 263 295 35 1 0 1 0 1 0  1 0
tsan 814 6 272 1 1 1 1 0 0  0 1
tsan 839 716 957 1 1 1 1 0 0  0 1
tsan 743 453 963 1 1 1 1 0 0  0 1
tsan 534 284 189 1 1 1 1 0 0  0 1
tsan 267 853 597 1 0 1 0 1 0  1 0
tsan 521 177 185 1 0 1 0 0 0  0 0
tsan 483 715 234 1 0 1 0 1 0  1 0
tsan 31 352 349 1 0 1 0 0 0  0 0
tsan 289 335 950 1 1 1 1 0 0  0 1
tsan 263 483 414 1 0 1 0 1 0  1 0
tsan 803 426 436 1 1 1 1 0 0  0 1
tsan 474 168 460 0 1 1 1 0 0  0 1
tsan 645 16 517 1 0 1 0 1 0  1 0
tsan 711 264 1007 1 1 1 1 0 0  0 1
tsan 596 10 778 0 1 1 0 1 0  1 0
tsan 889 935 704 1 0 1 0 1 0  1 0
tsan 920 524 598 0 1 1 0 1 0  1 0
tsan 948 889 756 0 1 1 1 0 0  0 1
tsan 779 197 422 1 1 1 1 0 0  0 1
tsan 600 219 235 0 1 1 1 0 0  0 1
tsan 118 18 337 0 1 1 0 1 0  1 0
tsan 176 170 822 1 1 1 1 0 0  0 1
tsan 183 842 939 1 0 1 0 0 0  0 0
tsan 96 408 234 1 1 1 1 0 0  0 1
tsan 668 709 109 0 1 1 1 0 0  0 1
tsan 81 263 493 1 1 1 1 0 0  0 1
tsan 352 62 565 1 1 1 1 0 0  0 1
tsan 494 468 382 1 1 1 1 0 0  0 1
tsan 993 971 210 1 0 1 0 1 0  1 0
tsan 520 755 428 0 1 1 1 0 0  0 1
tsan 25 550 304 1 1 1 1 0 0  0 1
tsan 833 138 248 1 0 1 0 1 0  1 0
tsan 437 290 42 1 1 1 1 0 0  0 1
tsan 14 452 429 0 1 1 0 1 0  1 0
tsan 807 407 889 1 1 1 1 0 0  0 1
tsan 611 1018 96 1 1 1 1 0 0  0 1
tsan 280 239 53 1 1 1 1 0 0  0 1
tsan 569 585 421 1 0 1 0 0 0  0 0
tsan 1016 591 412 1 1 1 1 0 0  0 1
tsan 44 769 197 1 1 1 1 0 0  0 1
tsan 506 378 81 1 1 1 1 0 0  0 1
tsan 11 899 182 1 0 1 0 1 0  1 0
tsan 836 109 46 0 1 1 1 0 0  0 1
tsan 558 813 540 1 1 1 1 0 0  0 1
tsan 975 628 829 1 1 1 1 0 0  0 1
tsan 811 744 469 1 1 1 1 0 0  0 1
tsan 660 930 964 0 1 1 1 0 0  0 1
tsan 737 365 845 1 0 1 0 1 0  1 0
tsan 688 637 716 0 1 1 1 0 0  0 1
tsan 783 231 167 1 1 1 1 0 0  0 1
tsan 970 44 126 1 1 1 1 0 0  0 1
tsan 635 32 1016 1 1 1 1 0 0  0 1
tsan 124 652 440 1 1 1 1 0 0  0 1
tsan 52 39 759 1 1 1 1 0 0  0 1
tsan 738 45 453 1 1 1 1 0 0  0 1
tsan 419 988 41 1 0 1 0 0 0  0 0
tsan 865 405 469 1 0 1 0 0 0  0 0
tsan 250 587 730 0 1 1 1 0 0  0 1
tsan 50 279 251 0 1 1 1 0 0  0 1
tsan 255 684 949 1 0 1 0 1 0  1 0
tsan 248 643 821 1 1 1 1 0 0  0 1
tsan 741 309 220 1 0 1 0 1 0  1 0
tsan 415 866 507 1 0 1 0 0 0  0 0
tsan 167 1017 450 1 0 1 0 1 0  1 0
tsan 557 278 726 1 0 1 0 1 0  1 0
tsan 508 350 357 0 1 1 0 1 0  1 0
tsan 881 973 565 1 0 1 0 1 0  1 0
tsan 724 477 811 0 1 1 1 0 0  0 1
tsan 277 538 481 1 1 1 1 0 0  0 1
tsan 956 160 24 0 1 1 1 0 0  0 1
tsan 442 313 246 0 1 1 1 0 0  0 1
tsan 919 697 337 1 1 1 1 0 0  0 1
tsan 77 613 60 1 1 1 1 0 0  0 1
tsan 292 134 960 1 1 1 1 0 0  0 1
tsan 145 233 731 1 1 1 1 0 0  0 1
tsan 1004 897 966 1 1 1 1 0 0  0 1
tsan 687 21 7 1 1 1 1 0 0  0 1
tsan 101 513 862 1 1 1 1 0 0  0 1
tsan 700 22 103 0 1 1 0 1 0  1 0
tsan 539 331 694 1 1 1 1 0 0  0 1
tsan 76 737 822 1 1 1 1 0 0  0 1
tsan 723 253 631 1 1 1 1 0 0  0 1
tsan 574 637 846 1 1 1 1 0 0  0 1
tsan 62 992 664 0 1 1 1 0 0  0 1
tsan 932 682 116 0 1 1 1 0 0  0 1
tsan 142 559 467 0 1 1 1 0 0  0 1
tsan 940 944 743 0 1 1 1 0 0  0 1
tsan 202 722 713 0 1 1 1 0 0  0 1
tsan 716 973 879 0 1 1 1 0 0  0 1
tsan 665 260 32 1 0 1 0 1 0  1 0
tsan 353 782 315 1 1 1 1 0 0  0 1
tsan 563 241 594 1 1 1 1 0 0  0 1
tsan 999 996 695 1 0 1 0 0 0  0 0
tsan 230 576 126 0 1 1 0 0 0  0 0
tsan 693 293 685 1 0 1 0 1 0  1 0
tsan 606 611 683 1 1 1 1 0 0  0 1
tsan 345 850 1004 1 1 1 1 0 0  0 1
tsan 686 243 785 1 1 1 1 0 0  0 1
tsan 894 810 721 1 1 1 1 0 0  0 1
tsan 952 278 285 0 1 1 0 1 0  1 0
tsan 917 920 418 1 0 1 0 1 0  1 0
tsan 390 14 671 0 1 1 0 1 0  1 0
tsan 900 401 619 0 1 1 1 0 0  0 1
tsan 628 95 669 0 1 1 1 0 0  0 1
tsan 384 614 549 1 1 1 1 0 0  0 1
tsan 566 953 431 1 1 1 1 0 0  0 1
tsan 905 2 881 1 0 1 0 1 0  1 0
tsan 596 592 324 0 1 1 0 1 0  1 0
tsan 243 976 715 1 0 1 0 0 0  0 0
tsan 787 1019 582 1 1 1 1 0 0  0 1
tsan 431 165 241 1 0 1 0 0 0  0 0
tsan 849 23 975 1 0 1 0 0 0  0 0
tsan 878 0 101 1 1 1 1 0 0  0 1
tsan 638 964 951 1 1 1 1 0 0  0 1
tsan 251 763 29 1 0 1 0 0 0  0 0
tsan 976 814 882 0 1 1 1 0 0  0 1
tsan 766 1022 523 1 1 1 1 0 0  0 1
tsan 606 853 340 1 1 1 1 0 0  0 1
tsan 156 361 324 1 1 1 1 0 0  0 1
tsan 543 895 924 1 1 1 1 0 0  0 1
tsan 189 332 33 1 1 1 1 0 0  0 1
tsan 547 902 673 1 1 1 1 0 0  0 1
tsan 6 298 807 0 1 1 0 1 0  1 0
tsan 353 373 710 1 1 1 1 0 0  0 1
tsan 592 829 613 0 1 1 1 0 0  0 1
tsan 935 141 803 1 1 1 1 0 0  0 1
tsan 840 91 860 0 1 1 1 0 0  0 1
tsan 872 503 569 0 1 1 1 0 0  0 1
tsan 784 31 262 0 1 1 1 0 0  0 1
tsan 877 261 261 1 0 1 0 0 0  0 0
tsan 386 3 675 0 1 1 1 0 0  0 1
tsan 102 449 263 0 1 1 1 0 0  0 1
tsan 100 206 112 1 1 1 1 0 0  0 1
tsan 161 472 284 1 1 1 1 0 0  0 1
tsan 210 596 705 0 1 1 0 1 0  1 0
tsan 737 61 59 1 0 1 0 1 0  1 0
tsan 360 259 636 1 1 1 1 0 0  0 1
tsan 850 419 820 1 1 1 1 0 0  0 1
tsan 1006 981 782 0 1 1 1 0 0  0 1
tsan 650 40 138 1 1 1 1 0 0  0 1
tsan 791 290 57 1 1 1 1 0 0  0 1
tsan 990 575 439 1 1 1 1 0 0  0 1
tsan 838 233 529 1 1 1 1 0 0  0 1
tsan 219 8 746 1 0 1 0 1 0  1 0
tsan 496 824 18 0 1 1 0 0 0  0 0
tsan 958 1 954 1 1 1 1 0 0  0 1
tsan 613 29 514 1 0 1 0 1 0  1 0
tsan 518 403 848 1 1 1 1 0 0  0 1
tsan 865 864 144 1 0 1 0 1 0  1 0
tsan 132 30 620 1 1 1 1 0 0  0 1
tsan 312 474 250 1 1 1 1 0 0  0 1
tsan 371 320 377 1 0 1 0 0 0  0 0
tsan 176 643 324 1 1 1 1 0 0  0 1
tsan 275 631 64 1 0 1 0 1 0  1 0
tsan 619 904 170 1 1 1 1 0 0  0 1
tsan 500 438 44 0 1 1 1 0 0  0 1
tsan 533 610 958 1 0 1 0 1 0  1 0
tsan 728 23 98 0 1 1 1 0 0  0 1
tsan 637 320 570 1 0 1 0 1 0  1 0
tsan 394 635 60 0 1 1 1 0 0  0 1
tsan 317 323 645 1 1 1 1 0 0  0 1
tsan 171 903 706 1 0 1 0 1 0  1 0
tsan 185 224 176 1 1 1 1 0 0  0 1
tsan 928 820 819 0 1 1 0 1 0  1 0
tsan 450 232 372 0 1 1 1 0 0  0 1
tsan 597 673 111 1 0 1 0 1 0  1 0
tsan 682 982 800 1 1 1 1 0 0  0 1
tsan 859 738 454 1 1 1 1 0 0  0 1
tsan 588 944 383 0 1 1 1 0 0  0 1
tsan 78 905 5 0 1 1 1 0 0  0 1
tsan 778 685 797 1 1 1 1 0 0  0 1
tsan 918 433 188 1 1 1 1 0 0  0 1
tsan 958 149 802 1 1 1 1 0 0  0 1
tsan 361 303 72 1 1 1 1 0 0  0 1
tsan 413 532 269 1 1 1 1 0 0  0 1
tsan 755 884 234 1 1 1 1 0 0  0 1
tsan 230 336 802 0 1 1 1 0 0  0 1
tsan 998 676 999 0 1 1 0 1 0  1 0
tsan 580 947 942 0 1 1 1 0 0  0 1
tsan 13 62 58 1 1 1 1 0 0  0 1
tsan 984 419 370 0 1 1 1 0 0  0 1
tsan 5 387 449 1 1 1 1 0 0  0 1
tsan 23 141 279 1 0 1 0 1 0  1 0
tsan 945 942 911 1 0 1 0 0 0  0 0
tsan 863 796 263 1 1 1 1 0 0  0 1
tsan 41 185 466 1 1 1 1 0 0  0 1
tsan 224 976 348 1 1 1 1 0 0  0 1
tsan 500 891 570 0 1 1 1 0 0  0 1
tsan 180 900 810 1 1 1 1 0 0  0 1
tsan 712 473 927 0 1 1 1 0 0  0 1
tsan 286 211 82 0 1 1 1 0 0  0 1
tsan 61 402 302 1 1 1 1 0 0  0 1
tsan 846 672 988 1 1 1 1 0 0  0 1
tsan 321 107 345 1 1 1 1 0 0  0 1
tsan 881 711 573 1 0 1 0 1 0  1 0
tsan 855 508 945 1 1 1 1 0 0  0 1
tsan 193 922 752 1 1 1 1 0 0  0 1
tsan 176 677 733 1 1 1 1 0 0  0 1
tsan 583 813 544 1 1 1 1 0 0  0 1
tsan 422 285 892 0 1 1 1 0 0  0 1
tsan 287 140 753 1 0 1 0 1 0  1 0
tsan 320 102 565 1 1 1 1 0 0  0 1
tsan 428 563 85 1 1 1 1 0 0  0 1
tsan 512 934 553 0 1 1 1 0 0  0 1
tsan 241 618 705 1 1 1 1 0 0  0 1
tsan 244 715 71 1 1 1 1 0 0  0 1
tsan 87 849 454 1 0 1 0 1 0  1 0
tsan 449 112 334 1 1 1 1 0 0  0 1
tsan 826 306 253 1 1 1 1 0 0  0 1
tsan 519 745 630 1 1 1 1 0 0  0 1
tsan 126 498 330 0 1 1 1 0 0  0 1
tsan 688 594 175 0 1 1 1 0 0  0 1
tsan 1021 230 23 1 1 1 1 0 0  0 1
tsan 593 535 590 1 0 1 0 1 0  1 0
tsan 671 79 385 1 1 1 1 0 0  0 1
tsan 780 925 16 0 1 1 1 0 0  0 1
tsan 34 780 400 0 1 1 0 1 0  1 0
tsan 179 402 362 1 0 1 0 1 0  1 0
tsan 632 456 201 0 1 1 0 1 0  1 0
tsan 437 620 827 1 1 1 1 0 0  0 1
tsan 417 139 35 1 1 1 1 0 0  0 1
tsan 171 245 774 1 0 1 0 1 0  1 0
tsan 109 437 751 1 1 1 1 0 0  0 1
tsan 819 808 596 1 1 1 1 0 0  0 1
tsan 161 265 457 1 1 1 1 0 0  0 1
tsan 303 142 752 1 0 1 0 1 0  1 0
tsan 725 921 451 1 0 1 0 1 0  1 0
tsan 1012 973 328 1 1 1 1 0 0  0 1
tsan 86 799 920 0 1 1 1 0 0  0 1
tsan 925 335 974 1 0 1 0 1 0  1 0
tsan 339 1 923 1 0 1 0 0 0  0 0
tsan 898 296 1011 1 1 1 1 0 0  0 1
tsan 474 872 405 0 1 1 0 1 0  1 0
tsan 835 363 507 1 1 1 1 0 0  0 1
tsan 1016 646 968 1 1 1 1 0 0  0 1
tsan 780 817 57 0 1 1 1 0 0  0 1
tsan 845 150 662 1 0 1 0 1 0  1 0
tsan 335 379 782 1 0 1 0 1 0  1 0
tsan 0 531 687 1 1 1 1 0 0  0 1
tsan 685 913 66 1 0 1 0 1 0  1 0
tsan 970 204 808 1 1 1 1 0 0  0 1
tsan 242 740 384 0 1 1 0 1 0  1 0
tsan 314 59 623 0 1 1 1 0 0  0 1
tsan 172 806 510 1 1 1 1 0 0  0 1
tsan 608 759 889 0 1 1 1 0 0  0 1
tsan 819 305 205 1 1 1 1 0 0  0 1
tsan 676 713 827 0 1 1 1 0 0  0 1
tsan 813 68 181 1 0 1 0 0 0  0 0
tsan 644 680 984 0 1 1 0 0 0  0 0
tsan 382 275 92 0 1 1 1 0 0  0 1
tsan 733 302 640 1 0 1 0 1 0  1 0
tsan 313 562 752 1 1 1 1 0 0  0 1
tsan 387 757 621 1 0 1 0 1 0  1 0
tsan 352 725 575 1 1 1 1 0 0  0 1
tsan 198 207 949 0 1 1 1 0 0  0 1
tsan 739 864 70 1 1 1 1 0 0  0 1
tsan 573 127 315 1 0 1 0 1 0  1 0
tsan 193 988 839 1 1 1 1 0 0  0 1
tsan 763 658 382 1 1 1 1 0 0  0 1
tsan 656 914 640 0 1 1 1 0 0  0 1
tsan 173 0 962 1 1 1 1 0 0  0 1
tsan 498 446 203 1 1 1 1 0 0  0 1
tsan 428 426 136 1 1 1 1 0 0  0 1
tsan 732 259 892 0 1 1 1 0 0  0 1
tsan 829 871 1006 1 0 1 0 1 0  1 0
tsan 106 294 306 0 1 1 0 0 0  0 0
tsan 492 472 403 0 1 1 0 1 0  1 0
tsan 561 767 803 1 0 1 0 0 0  0 0
tsan 909 889 656 1 0 1 0 1 0  1 0
tsan 473 512 65 1 1 1 1 0 0  0 1
tsan 384 742 519 1 1 1 1 0 0  0 1
tsan 587 289 1014 1 1 1 1 0 0  0 1
tsan 703 774 848 1 1 1 1 0 0  0 1
tsan 971 553 348 1 1 1 1 0 0  0 1
tsan 571 35 65 1 1 1 1 0 0  0 1
tsan 483 431 270 1 0 1 0 1 0  1 0
tsan 727 913 132 1 1 1 1 0 0  0 1
tsan 879 207 1 1 1 1 1 0 0  0 1
tsan 639 799 423 1 1 1 1 0 0  0 1
tsan 259 277 210 1 0 1 0 1 0  1 0
tsan 200 10 459 1 1 1 1 0 0  0 1
tsan 0 844 528 1 1 1 1 0 0  0 1
tsan 767 667 198 1 1 1 1 0 0  0 1
tsan 344 527 376 1 1 1 1 0 0  0 1
tsan 169 504 725 1 1 1 1 0 0  0 1
tsan 381 989 383 1 1 1 1 0 0  0 1
tsan 412 880 890 1 1 1 1 0 0  0 1
tsan 544 699 56 0 1 1 1 0 0  0 1
tsan 659 82 929 1 1 1 1 0 0  0 1
tsan 114 494 269 0 1 1 1 0 0  0 1
tsan 336 37 159 1 1 1 1 0 0  0 1
tsan 701 540 982 1 0 1 0 1 0  1 0
tsan 67 103 802 1 0 1 0 1 0  1 0
tsan 172 458 591 1 1 1 1 0 0  0 1
tsan 421 795 790 1 1 1 1 0 0  0 1
tsan 121 579 330 1 1 1 1 0 0  0 1
tsan 854 97 1010 1 1 1 1 0 0  0 1
tsan 45 873 209 1 1 1 1 0 0  0 1
tsan 827 710 36 1 1 1 1 0 0  0 1
tsan 399 877 871 1 0 1 0 0 0  0 0
tsan 865 139 41 1 0 1 0 0 0  0 0
tsan 777 605 839 1 0 1 0 0 0  0 0
tsan 572 4 438 0 1 1 1 0 0  0 1
tsan 685 500 319 1 0 1 0 1 0  1 0
tsan 748 458 61 0 1 1 1 0 0  0 1
tsan 426 102 124 0 1 1 0 1 0  1 0
tsan 881 1001 298 1 0 1 0 1 0  1 0
tsan 814 678 84 1 1 1 1 0 0  0 1
tsan 886 352 866 1 1 1 1 0 0  0 1
tsan 1011 222 26 1 0 1 0 1 0  1 0
tsan 571 663 614 1 1 1 1 0 0  0 1
tsan 999 514 704 1 0 1 0 1 0  1 0
tsan 515 722 251 1 1 1 1 0 0  0 1
tsan 850 525 717 1 1 1 1 0 0  0 1
tsan 833 803 223 1 0 1 0 1 0  1 0
tsan 925 461 83 1 0 1 0 1 0  1 0
tsan 593 449 27 1 0 1 0 1 0  1 0
tsan 852 1 408 0 1 1 1 0 0  0 1
tsan 825 749 8 1 0 1 0 1 0  1 0
