954
553
319
478
987
711
502
910
683
274
254
433
465
842
37
557
828
563
136
239
538
346
474
718
284
1008
72
661
274
974
363
266
503
649
459
47
384
845
274
426
885
974
965
375
491
726
151
266
704
670
437
706
455
1007
314
169
940
696
360
338
472
436
121
837
903
205
462
715
151
108
233
383
149
8
64
701
694
193
514
320
204
764
735
859
978
516
816
118
126
930
1016
723
208
775
385
895
763
387
379
259
1019
272
600
305
60
536
160
753
554
158
238
981
963
478
698
884
34
312
750
66
700
341
640
961
375
1001
201
0
586
763
861
779
47
716
21
696
281
410
381
229
899
789
543
537
864
927
231
491
679
954
476
286
951
844
561
159
954
3
1
188
458
119
943
378
889
231
909
780
299
1001
479
389
979
528
912
350
806
192
596
675
825
492
407
208
686
766
475
491
164
26
357
639
289
615
100
596
353
817
149
218
963
240
81
948
57
669
7
20
635
461
431
663
118
246
909
774
327
147
355
694
147
326
737
187
261
558
692
217
120
315
842
159
969
458
906
521
160
953
535
330
645
853
129
880
417
294
351
197
35
260
837
634
200
385
1014
231
334
829
910
795
608
797
616
890
11
793
567
884
506
156
163
74
250
435
269
909
870
555
420
847
204
736
374
94
862
653
151
473
109
415
311
594
572
987
230
905
171
399
637
568
872
370
629
897
177
445
592
95
222
383
406
847
509
292
150
583
656
314
5
877
203
534
971
182
791
867
441
816
695
756
201
421
540
595
788
598
850
920
727
778
386
671
339
461
535
238
728
575
454
801
221
777
700
64
760
963
687
983
835
368
127
918
65
100
456
212
989
935
718
366
411
762
768
709
618
469
115
375
499
408
545
367
812
628
139
901
365
233
233
11
446
815
830
493
112
503
862
260
847
488
169
974
420
433
898
753
625
162
573
668
757
828
934
643
201
499
311
598
779
87
799
185
483
155
1008
172
834
307
102
524
854
40
692
198
343
629
553
864
496
5
617
298
233
1013
213
990
98
270
436
841
301
230
373
949
861
255
422
532
285
807
599
9
295
24
111
684
663
668
358
744
476
8
549
207
854
503
698
182
452
488
832
734
7
201
778
46
939
258
173
147
30
313
631
587
23
943
1014
443
698
300
31
617
444
890
178
105
188
353
994
4
457
781
270
54
545
727
71
244
951
312
713
548
379
91
632
499
707
33
420
532
393
70
369
236
422
991
64
159
224
650
827
206
592
253
372
632
189
158
84
407
255
1016
345
149
136
1012
370
340
256
578
371
900
883
766
755
355
797
522
388
427
11
360
697
795
96
657
417
540
448
205
913
97
621
268
453
168
214
36
838
944
665
175
511
889
165
434
464
976
904
362
85
228
614
102
119
624
458
396
735
613
642
781
200
226
841
243
278
945
501
195
448
523
57
973
826
606
415
696
121
557
671
743
999
1017
359
543
1000
787
88
399
339
310
500
691
783
1010
313
684
600
1022
245
893
955
429
970
74
1019
514
635
402
699
170
128
261
482
22
286
122
684
203
203
810
678
890
158
630
794
210
463
20
27
955
404
942
632
179
719
764
740
831
708
580
478
158
838
995
128
749
131
196
517
931
277
430
250
452
282
903
60
703
615
448
417
527
65
714
21
995
124
263
317
305
949
352
246
388
390
11
1006
9
646
434
1004
629
299
372
265
136
8
599
94
305
127
853
612
984
811
722
415
376
1004
423
234
367
932
564
449
316
445
872
860
596
0
141
418
991
349
233
435
1020
716
341
616
588
20
223
93
718
688
891
131
156
504
860
197
804
13
690
168
877
103
797
898
656
946
1000
472
325
901
767
852
80
829
353
339
673
730
739
921
150
330
784
251
745
6
675
948
43
293
832
544
327
819
967
973
284
626
920
211
738
628
904
710
604
460
582
26
129
253
516
336
670
552
679
507
644
785
834
495
513
258
896
802
924
981
227
456
588
794
288
928
935
73
64
239
95
555
1001
230
167
240
194
465
915
22
258
792
559
607
272
955
276
985
236
965
973
34
217
163
66
292
641
358
873
510
445
246
84
614
750
858
891
847
183
203
165
51
416
563
742
727
225
197
240
502
451
392
803
763
558
771
678
779
130
590
349
402
405
610
998
339
705
482
225
1010
594
937
976
520
84
30
128
953
980
815
820
667
413
185
348
351
337
327
889
649
1016
700
123
965
611
62
714
919
527
986
872
662
328
154
50
310
833
579
201
346
888
828
281
390
546
773
849
815
423
156
361
418
984
190
12
763
156
411
815
584
647
468
934
698
348
